nn
1,15,15,15,15,15,15,15,15,15,15,1
dIn
0
dIntern
,
dOut
,
normP
1.9750000000000072
normY
1.01749402951421
w
0.2212741355322455083509680662245955318212509155273437500
-0.5280276058287300955385035194922238588333129882812500000
0.3665366057527821297412629064638167619705200195312500000
0.1448741871513167245311137776297982782125473022460937500
-0.4791602287999502940429863429017132148146629333496093750
-0.3533027954019247185435403935116482898592948913574218750
-0.5688602280395769206222666980465874075889587402343750000
-0.4657058097164829546521502834366401657462120056152343750
-0.2641991280986604739844381128932582214474678039550781250
-0.3888709632235198832006517477566376328468322753906250000
0.3406917328374070019769703776546521112322807312011718750
-0.2190824912461264151186668414084124378859996795654296875
0.2727512169623068083446071341313654556870460510253906250
-0.0065144317363317544647416390546368347713723778724670410
-0.2531405038655055173002494939282769337296485900878906250
0.2876882262362959741253121137560810893774032592773437500
0.3145371435757767786256522413168568164110183715820312500
-0.3478646632772998681382148333796067163348197937011718750
-0.2728011986089080576078913509263657033443450927734375000
-0.4845849394603328752495485787221696227788925170898437500
0.0191501730228930584776225742871247348375618457794189453
-0.1086222432814726024385976188568747602403163909912109375
-0.3845276293426960756427490650821710005402565002441406250
0.4401624864254692348630726428382331505417823791503906250
0.1589630619844360215342504716318217106163501739501953125
0.3681507387935013531077288462256547063589096069335937500
-0.0491159259332293041122596832792623899877071380615234375
0.2257844600598545858893828608415788039565086364746093750
-0.4290640194154080599986400557099841535091400146484375000
0.2347552889846696300146788871643366292119026184082031250
0.4324361097800893394271781744464533403515815734863281250
0.1580530428298265455122617595407064072787761688232421875
-0.1334125844315193210043446470081107690930366516113281250
0.4928741348522194809511631774512352421879768371582031250
0.2423417299672048497161114255504799075424671173095703125
0.0543337210298720507672953772271284833550453186035156250
0.4173931591808460739301267494738567620515823364257812500
-0.1745387346777499404382183456618804484605789184570312500
-0.3163989397863251618048252566950395703315734863281250000
-0.2200805092930793183114701605518348515033721923828125000
0.4043401103356736303595653225784189999103546142578125000
-0.0634543226537591792402182022669876459985971450805664062
0.5045021000620644180401086487108841538429260253906250000
0.1138760839844050187785740035906201228499412536621093750
0.0172466400386023094304377423213736619800329208374023438
-0.2503956934811832346632343160308664664626121520996093750
0.2203494919555397113519745744270039722323417663574218750
0.2304376271125062602962429991748649626970291137695312500
-0.1740471163260396136873708883285871706902980804443359375
0.2630793755433175618030361420096596702933311462402343750
-0.2439799870540776960403661632881266996264457702636718750
-0.4153510545212172333506828181270975619554519653320312500
0.1939297365181362753361327122547663748264312744140625000
0.0992126117350795866389745469859917648136615753173828125
-0.1461212734466629803442572210769867524504661560058593750
0.4233847567148344981369234574231086298823356628417968750
-0.2440986981514399467574349955611978657543659210205078125
-0.2365310072836096511039727374736685305833816528320312500
0.3933367254495466203145781491912202909588813781738281250
0.0420319731660205794798734757478086976334452629089355469
-0.2170433292138744807431294248090125620365142822265625000
0.3893602520832110669424253046599915251135826110839843750
-0.4369386610245828972409753987449221312999725341796875000
-0.3650148966448754084268557562609203159809112548828125000
0.2144390083680433323198855077862390317022800445556640625
0.3470952241543492355901889823144301772117614746093750000
0.2439216408353715448420473421720089390873908996582031250
-0.4068918292405189207627813630097080022096633911132812500
-0.2816016840566841206161541322217090055346488952636718750
-0.4398813688518698472584844694210914894938468933105468750
-0.0497063756289728847503894826331816148012876510620117188
0.3835903810022648907640530069329543039202690124511718750
-0.1138775564160577624672754382118000648915767669677734375
-0.2044744291267570346359860877782921306788921356201171875
-0.2419195004705701201874745720488135702908039093017578125
0.2967461966777891757551799400971503928303718566894531250
0.2727934755632266394798080000327900052070617675781250000
0.2599797271640533202763378994859522208571434020996093750
-0.0133746241082178356218701509305901709012687206268310547
0.3342753177766405459081511253316421061754226684570312500
-0.1083190597567830759651030803070170804858207702636718750
0.1185420706206091745471553622337523847818374633789062500
0.4397218054248158147778724469389999285340309143066406250
0.4863065178966468060650640836684033274650573730468750000
0.4407436532254322414381420003337552770972251892089843750
-0.4624987545376496589355497235374059528112411499023437500
-0.2932274232942508329635700192739022895693778991699218750
-0.2294898754284087349919474263515439815819263458251953125
-0.4685150103114795738790121504280250519514083862304687500
-0.2992333161010077291486197736958274617791175842285156250
-0.2017509283634679739805051212897524237632751464843750000
0.3899225428198970777593501679803011938929557800292968750
0.3799644259864656259395587767357937991619110107421875000
0.4726252293117915170839182792406063526868820190429687500
0.1625794155993689205086383253728854469954967498779296875
-0.4761093138296544347021210796810919418931007385253906250
-0.1155117354166869669818140664574457332491874694824218750
-0.2959779587791961374954041730234166607260704040527343750
-0.0170925527351085161653632127354285330511629581451416016
-0.4250800734816380099800880998373031616210937500000000000
0.0835829370534880849996639540222531650215387344360351562
0.5576799868814147354001420353597495704889297485351562500
0.1080513793021746493661083832193980924785137176513671875
0.4558595443717472495137599253212101757526397705078125000
0.1673832980186935603938991334871388971805572509765625000
-0.2167671215978099197307926715438952669501304626464843750
0.0894954673264812400335088682368223089724779129028320312
0.3569313744403995181109223722160095348954200744628906250
-0.3974117839076399816278239995881449431180953979492187500
-0.4445534133097810980395081514870980754494667053222656250
0.2829297160625106610787327099387766793370246887207031250
0.3409878133346707085316040775069268420338630676269531250
-0.0695495468201653144202367684556520543992519378662109375
-0.0512300169153085543927161893407173920422792434692382812
-0.2576100295960829233976596697175409644842147827148437500
-0.3002266372987897335988805025408510118722915649414062500
0.2119867918419973962240732134887366555631160736083984375
-0.1287578944422286542081934612724580802023410797119140625
-0.2946117728408498281922334172122646123170852661132812500
0.1026458606846012699964632020055432803928852081298828125
0.2645313582793838991236157198727596551179885864257812500
-0.3098059761998006034211528003652347251772880554199218750
0.1033077457907300988892984605627134442329406738281250000
-0.1984574229469502903988598063733661547303199768066406250
0.3614187963612690568382390665647108107805252075195312500
0.0482399699060769987513097589726385194808244705200195312
-0.3508392811660602239598460982961114495992660522460937500
-0.1429110916389670915549459095927886664867401123046875000
-0.3066010704269845343894473899126751348376274108886718750
-0.0314140880117118118097785384179587708786129951477050781
-0.3588407261233412803846931637963280081748962402343750000
0.4578985238391198309138019340025493875145912170410156250
-0.2019047338712817163397517106204759329557418823242187500
0.3456093142742922563748209086043061688542366027832031250
0.2587439533281518655449815469182794913649559020996093750
-0.4085632724361742407204189930780557915568351745605468750
-0.2995963601719930924360824064933694899082183837890625000
-0.2105369243851739624595609257085015997290611267089843750
0.3335731518290008246196975960629060864448547363281250000
0.2427165459994484464356645503357867710292339324951171875
-0.4335102612849406900075166504393564537167549133300781250
-0.3476545491352505123927585373166948556900024414062500000
0.4608025140030949651226421792671317234635353088378906250
-0.0621794139889278035804309752165863756090402603149414062
0.1072461708265717017507512309748562984168529510498046875
-0.2111578923238799088135664305809768848121166229248046875
0.4443573833273839479574007782503031194210052490234375000
-0.4886533685852673114524691300175618380308151245117187500
0.4140339952962121539137285708420677110552787780761718750
-0.0923833938650920616364459192482172511518001556396484375
-0.0168863519553282791230142123595214798115193843841552734
-0.4422109083946418328636696060129906982183456420898437500
0.3281691171179276778069322517694672569632530212402343750
-0.2382884597479999200242417600748012773692607879638671875
-0.4177665692370766126195746892335591837763786315917968750
-0.0593811843335565123225272543550090631470084190368652344
0.4523471429268248189536905101704178377985954284667968750
-0.1018158365368290879660051473365456331521272659301757812
-0.1257637093617356982555577360471943393349647521972656250
0.1924491798440688961058242512081051245331764221191406250
-0.1506015076541100117246685385907767340540885925292968750
-0.3766889323783355059127586628164863213896751403808593750
-0.0146764000270048506485709438607045740354806184768676758
0.2407809241930854438074049994611414149403572082519531250
-0.3022948297935978412276369908795459195971488952636718750
0.4967689620727506194519662585662445053458213806152343750
0.3217644805232360849522876833361806347966194152832031250
0.0004352577424632212040045420309297696803696453571319580
-0.5220969213122051977293835989257786422967910766601562500
0.3830411159003374588216672691487474367022514343261718750
-0.4904139156864732451701627269358141347765922546386718750
0.3025963953197232103597968944086460396647453308105468750
0.4902726056613543326179183168278541415929794311523437500
0.4041213852515790905250980813434580340981483459472656250
0.2362488495501364749173944801441393792629241943359375000
0.4669317685880550183874504455161513760685920715332031250
-0.0274355182853870324666267777047323761507868766784667969
-0.2657799904584644545835203643946442753076553344726562500
-0.2061820709549694874418435119878267869353294372558593750
0.4188799049720043354838594495959114283323287963867187500
-0.4008374418706804331868909230252029374241828918457031250
0.4911709632817712889440997514611808583140373229980468750
-0.3917492241619006110298073508602101355791091918945312500
-0.0495880469372656298987500633757008472457528114318847656
-0.0396962251690604200904388676462986040860414505004882812
0.4891321990727025004197514590487116947770118713378906250
0.0295238131569128502140753056437461054883897304534912109
-0.2609360422111465793726381434680661186575889587402343750
-0.1551459489934883251294195360969752073287963867187500000
-0.1119963373121592997705420202692039310932159423828125000
0.3092447230008882885776699822599766775965690612792968750
-0.0885557493251675348355789196830301079899072647094726562
0.0669400390579378556932255150968558155000209808349609375
-0.0036580517108264361779423889942108871764503419399261475
-0.3252624355299590375167895217600744217634201049804687500
-0.4273609087592785682474527675367426127195358276367187500
-0.2092221671630586643519933431889512576162815093994140625
0.4083657625912094912834504611964803189039230346679687500
0.3103933174083706725276954330183798447251319885253906250
-0.4389681216796078033759442860173294320702552795410156250
-0.1747222955475966343907856526129762642085552215576171875
0.3851557845844590932671280825161375105381011962890625000
-0.1225614251088558009916695823449117597192525863647460938
-0.0301947548865965816056178283588451449759304523468017578
-0.4462269673903915268020625717326765879988670349121093750
0.2424717827677772274963530207969597540795803070068359375
0.1841694526737827075635323126334697008132934570312500000
-0.0002782104662374968871881020238134851751965470612049103
0.4883584862344130805844599763076985254883766174316406250
0.2735437678693883323255420236819190904498100280761718750
0.2585613536000088141797448315628571435809135437011718750
-0.2580585663256753092831274898344418033957481384277343750
0.3027538055657030269252061316365143284201622009277343750
0.0550198496650575463728927161355386488139629364013671875
-0.1598541921999943327126203485022415407001972198486328125
0.4809298013373236591050385868584271520376205444335937500
-0.0227792979911167620121759114226733800023794174194335938
0.1964692724916934085666042619777726940810680389404296875
0.2438158235490101577447319414204685017466545104980468750
-0.4465325920849474994334116217942209914326667785644531250
-0.4846161341287153478951665874774334952235221862792968750
-0.4255676366943362265438111080584349110722541809082031250
0.1897279295197079884705004815259599126875400543212890625
0.0018632332639816528898485392673478600045200437307357788
-0.0298783770695717106058442169569389079697430133819580078
0.1127430779578719455269464333468931727111339569091796875
0.0606895576237295800159365910531050758436322212219238281
0.2761814205466150973222738684853538870811462402343750000
-0.1506616468421068111283034340885933488607406616210937500
-0.3948890231430607355989081952429842203855514526367187500
-0.3738055647935328296149748439347604289650917053222656250
0.3351612214652966437178349679015809670090675354003906250
-0.4556522638275333214608053822303190827369689941406250000
-0.0491456545048334081382535032389569096267223358154296875
-0.3719361352217748772908123555680504068732261657714843750
-0.2006941202946674607243693344571511261165142059326171875
-0.1035769611043401289274257237593701574951410293579101562
-0.0755353880890148460247601747141743544489145278930664062
0.3400727387284331881822652121627470478415489196777343750
0.0600196899437058020709834238459734478965401649475097656
0.2466619194982654361680829424585681408643722534179687500
0.0342278513515220303431441095654008677229285240173339844
-0.1562269016332535620517063534862245433032512664794921875
-0.1033275693826612301462475329572043847292661666870117188
0.4601455323670746166975220603490015491843223571777343750
0.3446027172621482503878098668792517855763435363769531250
0.0733794344647816648707916442617715802043676376342773438
-0.3531377491295015214056718377833021804690361022949218750
-0.4102919545181453186977194036444416269659996032714843750
0.2717554069707270869571402727160602807998657226562500000
0.0990652531511188039203830157930497080087661743164062500
0.3927379718209723091781881976203294470906257629394531250
-0.1707549865627429330761088976942119188606739044189453125
0.4496065607902443028720540496578905731439590454101562500
-0.2371307899134644514571590434570680372416973114013671875
0.2220094152273753285165014403901295736432075500488281250
-0.0791766095782670542568837390717817470431327819824218750
0.0195513672215804623633061964937951415777206420898437500
-0.1744440096153149488689138024710700847208499908447265625
0.1653888899497839293228906853983062319457530975341796875
0.5834265631016225528426843993656802922487258911132812500
0.1419218717046061284392521884001325815916061401367187500
0.1350193310202648655504731323162559419870376586914062500
-0.2765919180773179220089730279141804203391075134277343750
-0.1589578352757737844669350124604534357786178588867187500
-0.0111401161993464076910287374744257249403744935989379883
-0.3703106517435423294948293460038257762789726257324218750
-0.3585099750741286284139164308726321905851364135742187500
0.0596346687157878752039152914221631363034248352050781250
0.4606243034407029868226857161062071099877357482910156250
0.4404084348956534555874497982586035504937171936035156250
-0.3791572613906482591694668826676206663250923156738281250
-0.4067859146005934900536260556691559031605720520019531250
-0.2277231280235270660661228703247616067528724670410156250
-0.3989290021428951726889522433339152485132217407226562500
-0.3955210419066593208192728070571320131421089172363281250
-0.2532999336909118048843936321645742282271385192871093750
0.4478001712698839731352506987605011090636253356933593750
0.5140751586231153691386452919687144458293914794921875000
0.4784410434973411230252793302497593685984611511230468750
0.2413633911038995105702298360483837313950061798095703125
-0.4114055685494134029234203353553311899304389953613281250
0.1377881228104930466660249521737569011747837066650390625
-0.4858503824588744635093462420627474784851074218750000000
-0.3448348522095026624789682045957306399941444396972656250
-0.3881367753349637128579274758521933108568191528320312500
0.3452289726185747142928050834598252549767494201660156250
0.4034358425480009668895320373849244788289070129394531250
-0.2444710404921925650523206741127069108188152313232421875
0.0022429257226005781117317283701595442835241556167602539
0.3987086460616525718236857755982782691717147827148437500
0.2646756780910543560558778608537977561354637145996093750
0.0390560191571795167764236111906939186155796051025390625
0.2017756693206675666640848021415877155959606170654296875
-0.5061406519407495308016109447635244578123092651367187500
0.2572989461805050837028829846531152725219726562500000000
0.1920061269218967803240616376569960266351699829101562500
0.4016556440968799268631528320838697254657745361328125000
-0.2254240701097220134219156761901103891432285308837890625
0.3105899559708015789105672865844098851084709167480468750
0.5531928081689341247795255185337737202644348144531250000
-0.3633471550847965358954638759314548224210739135742187500
0.1985826786921785491735192863416159525513648986816406250
0.2892096720923700292615876605850644409656524658203125000
-0.4740196644391172497989828116260468959808349609375000000
0.4029347193384981706820724411954870447516441345214843750
-0.0581893593585256427291874103957525221630930900573730469
0.0485168227174215538344270726156537421047687530517578125
-0.0416622673976592347577785346857126569375395774841308594
-0.3704623631999904853628891032712999731302261352539062500
-0.4424218180826203217215208951529348269104957580566406250
0.4415578061011216637332665868598269298672676086425781250
-0.2439630155689157808840406005401746369898319244384765625
0.3994747780481622267956254290766082704067230224609375000
-0.1121604196501571198973934428977372590452432632446289062
-0.3464315702655565432088735633442411199212074279785156250
0.3693739504313233723564735555555671453475952148437500000
0.4514895831950787030706351288245059549808502197265625000
0.4370493175373296179664350802340777590870857238769531250
-0.1204162147583606318201887575014552567154169082641601562
-0.0216452819233246725183494874045209144242107868194580078
-0.2149203869928755228357886153389699757099151611328125000
0.0369863482992233011392713137865939643234014511108398438
0.3368919477242874882527701174694811925292015075683593750
0.1081545331514313645904223903926322236657142639160156250
-0.3315808746614667956720268193748779594898223876953125000
-0.1936612885377296255917656253586756065487861633300781250
0.4849153073820367532142938671313459053635597229003906250
0.1390525381014424410874852355846087448298931121826171875
0.4908972140823923968611097734537906944751739501953125000
0.3025636863199823722858639030164340510964393615722656250
-0.0821690526461371917310572143833269365131855010986328125
0.1846368334137024613816890905582113191485404968261718750
0.0867680548159360659488115175008715596050024032592773438
-0.0484499908421953534576331890093570109456777572631835938
0.0856591341093321106958669020059460308402776718139648438
-0.4700071270140652734959019198868190869688987731933593750
0.3865943999732543434610931853967485949397087097167968750
-0.3726737060625318065376632148399949073791503906250000000
0.4020766901359931755344234716176288202404975891113281250
-0.4721136105647752434499864193639950826764106750488281250
0.4903177653006016156744806266942759975790977478027343750
-0.0310461618572489377043677194478732417337596416473388672
-0.2483834824761962378758539671252947300672531127929687500
-0.1615768569792097875126302142234635539352893829345703125
-0.3531583339874868610053226802847348153591156005859375000
-0.4797996129886338279035840059805195778608322143554687500
-0.3812992409571303031867728350334800779819488525390625000
-0.6716935954380810480657260086445603519678115844726562500
0.0310372512801553104844209940438304329290986061096191406
-0.4587525932645984405588990284741157665848731994628906250
0.3621422378238101646985569459502585232257843017578125000
-0.1128506897572865291801136322646925691515207290649414062
0.4764614949640270658015595017786836251616477966308593750
0.5720006439102588435829943591670598834753036499023437500
0.1872005088414583628964038553021964617073535919189453125
0.0116646961789954751315123715471600007731467485427856445
-0.2516426072044919415304775611730292439460754394531250000
0.0390454563680605326592143455854966305196285247802734375
0.4719773407628332084762234899244504049420356750488281250
0.0099625700950743741740600611933587060775607824325561523
-0.0441116186011465682970111856775474734604358673095703125
0.1763345382737839528441980974093894474208354949951171875
-0.4964107868316944838227300351718440651893615722656250000
0.3823002115589521077154699923994485288858413696289062500
-0.1243249944071873197559696677672036457806825637817382812
0.2024702403815511475571042865340132266283035278320312500
-0.3533193290027136779229977037175558507442474365234375000
0.4070680473739780036446234134928090497851371765136718750
-0.0987095186193830964604956079710973426699638366699218750
0.0155318338596793399652984390968413208611309528350830078
0.4886862755383377665552302460127975791692733764648437500
-0.0252659350852550736166168832141920574940741062164306641
-0.4232956017217935351659718890005024150013923645019531250
-0.1583633128640998533054329300284734927117824554443359375
0.3908799681245535562190696055040461942553520202636718750
0.1734082112416895082862566823678207583725452423095703125
-0.0661262191659640063967628975660772994160652160644531250
-0.2608386293946727274573049726313911378383636474609375000
0.2696338327813930235699046988884219899773597717285156250
0.2230941846837953268511967053200351074337959289550781250
0.0614653911871246572129479091017856262624263763427734375
-0.0629273509940809078200274484515830408781766891479492188
-0.1510283714363883367237662014304078184068202972412109375
-0.3510572906152806260671184190869098529219627380371093750
0.2687209837588028782384697024099295958876609802246093750
-0.2258758163686509223833098758404958061873912811279296875
0.0701170394811387459599316684943914879113435745239257812
-0.2314361284430109244603102069959277287125587463378906250
-0.4856715390554731670569310608698287978768348693847656250
-0.2582985870662864447133699741243617609143257141113281250
0.1761842624840103121997003654541913419961929321289062500
-0.3230873126692203611831644138874253258109092712402343750
0.3396278305481613690730569032893981784582138061523437500
0.3958249369185339316956628863408695906400680541992187500
-0.1576598988029297709889675616068416275084018707275390625
0.2220290796124373966513587674853624776005744934082031250
-0.2008295236949580175878082854978856630623340606689453125
0.0155852834790308550361181971766200149431824684143066406
-0.1478449546140739034871813828431186266243457794189453125
-0.1863714284849672664368114283206523396074771881103515625
0.1127088564433079836968332188007479999214410781860351562
-0.2726602982660486507171526682213880121707916259765625000
0.4612904272795948501517671047622570767998695373535156250
0.3806782228425956149386877314100274816155433654785156250
0.0930807321519834390821657166270597372204065322875976562
-0.1018744628402545177037197277059021871536970138549804688
-0.2246397132136795371515347596869105473160743713378906250
0.1844178110491524746894498321125865913927555084228515625
-0.0524771416874883073200308558625692967325448989868164062
0.2988724606667229610756919555569766089320182800292968750
-0.0230160426456550853968607839306059759110212326049804688
0.1721178990207769265996518015526817180216312408447265625
-0.0670256224647017562201511964303790591657161712646484375
-0.2797181652131605078537290864915121346712112426757812500
0.3420064433434099049335941344907041639089584350585937500
0.4689015363891278487251668138924287632107734680175781250
-0.1895995189664539393170628045481862500309944152832031250
0.0632173338437099913145189589158690068870782852172851562
-0.0175504588031893428434759840683909715153276920318603516
-0.1686885855516617738203422049991786479949951171875000000
-0.0659521310351136452743148197441769298166036605834960938
-0.4691632188341660070207694843702483922243118286132812500
-0.4732218871708227525552103998052189126610755920410156250
-0.3425878696122210964603027605335228145122528076171875000
-0.1837448139968220761630846027401275932788848876953125000
-0.0240908047149165881195553851057411520741879940032958984
-0.1924096832506833054665662530169356614351272583007812500
-0.1388686174499775827229086644365452229976654052734375000
0.2142235757383162408906684959220001474022865295410156250
-0.4870306374198354326665594271617010235786437988281250000
0.1654078222796140917871809961070539429783821105957031250
-0.4560128341264197415760861531452974304556846618652343750
-0.0793786834898004833860341022955253720283508300781250000
0.4209958024916742314047723994008265435695648193359375000
-0.3492778069769272852873598367295926436781883239746093750
-0.0689420450456838668218395582698576617985963821411132812
0.2506049967013172508067953003774164244532585144042968750
0.6757833416351615163364385807653889060020446777343750000
-0.1460896726186236560529607686476083472371101379394531250
-0.4722472063760469462856406153150601312518119812011718750
-0.4067995984780294338456485547794727608561515808105468750
0.3792510828668633759974682106985710561275482177734375000
-0.4407376917504305935402442173653980717062950134277343750
-0.3018899695332436516892471445316914469003677368164062500
0.3866814825502786767685847735265269875526428222656250000
-0.1390337620795671358386869087553350254893302917480468750
-0.1560564647350650147039630155632039532065391540527343750
-0.5015002362292629856099779317446518689393997192382812500
-0.0178644880908112833883816250590825802646577358245849609
-0.2791192963091548295828658865502802655100822448730468750
-0.0675446716786890916095487114034767728298902511596679688
0.2020615261231067105729408694969606585800647735595703125
-0.2523235988206096735986250223504612222313880920410156250
0.3493541036825587586811536766617791727185249328613281250
0.2573442683607629621889145710156299173831939697265625000
0.1642030531631800682745847552723716944456100463867187500
-0.4858738940786768156776531668583629652857780456542968750
0.0057596969223422042616356009148148586973547935485839844
-0.0222781405162052123514193624487234046682715415954589844
-0.3923164104277352404182011014199815690517425537109375000
0.5044254813218734811997023825824726372957229614257812500
-0.2607434058620145544971080653340322896838188171386718750
-0.4190969940896713819000751755083911120891571044921875000
0.1383117135741647185653846463537774980068206787109375000
0.5393139105083313289412672020262107253074645996093750000
0.4595652905174616442707247188081964850425720214843750000
-0.0920928792379525767985981588026334065943956375122070312
0.1642142578440807521023003801019513048231601715087890625
-0.1022552901881718934173903789996984414756298065185546875
0.3023594656103508748756780732946936041116714477539062500
0.4399773970861898808593082321749534457921981811523437500
0.5093730289116724652132006667670793831348419189453125000
0.1958011350721596266488688797835493460297584533691406250
-0.0981174117587907124171664463574416004121303558349609375
0.4017778103650196941387662263878155499696731567382812500
-0.3547177113067732645568241878208937123417854309082031250
-0.3534681955695311295073679502820596098899841308593750000
0.4334566905203485198683210910530760884284973144531250000
0.0180531952827258888871764241912387660704553127288818359
-0.2548369967807330160880496805475559085607528686523437500
-0.1683170663861146831852266814166796393692493438720703125
-0.1735840885299232971838989669777220115065574645996093750
-0.1942864623904387022523820860442356206476688385009765625
0.0740143384679213117705032232152007054537534713745117188
-0.0500702044821055847201307642535539343953132629394531250
-0.1471740996850362803716194548542262054979801177978515625
-0.1018715940508062439695535772443690802901983261108398438
0.3880159528370705213085045670595718547701835632324218750
-0.0254485038707695683524168117628505569882690906524658203
0.4280769810837313782414526031061541289091110229492187500
0.4803216412926249456738503340602619573473930358886718750
-0.4301189747116413442107329956343164667487144470214843750
-0.3729967156659237947913254629384027794003486633300781250
0.0082643869532514867282113613100591464899480342864990234
-0.2341245755131728945030999966547824442386627197265625000
0.4098584893038260124065175205032574012875556945800781250
-0.3365490621761815237533710387651808559894561767578125000
0.2517448855709004118530458526947768405079841613769531250
0.4197783416449472060349989988026209175586700439453125000
-0.3612611543562380678196177541394717991352081298828125000
0.0130350744015340410525416459108782873954623937606811523
0.3438945522081723882301673711481271311640739440917968750
0.1691299730567513981416283286307589150965213775634765625
-0.3620873929564119575452707522345008328557014465332031250
0.1598465877572504967307764900397160090506076812744140625
0.4393848099158929043639432165946345776319503784179687500
-0.0105844355129926549763386134372922242619097232818603516
-0.2338620008769474734044990782422246411442756652832031250
0.2177006028172886742400038428968400694429874420166015625
0.1526924873910439905966285323302145116031169891357421875
0.4828563406519114087345201369316782802343368530273437500
0.4059961050844212437915814462030539289116859436035156250
-0.1651708050152060625048733299990999512374401092529296875
0.1831773920081421758165873825419112108647823333740234375
0.4630120306410202557501065712131094187498092651367187500
-0.4066468833228428780834917688480345532298088073730468750
0.0708188313467259800138009495640289969742298126220703125
0.0639782954090877403752202212672273162752389907836914062
-0.4799868063167292975279565325763542205095291137695312500
0.3251423276286325991790704392769839614629745483398437500
0.1317422254147472548968522687573567964136600494384765625
-0.4509436895103129394613006297731772065162658691406250000
0.1797356908192783708777540141454664990305900573730468750
-0.4757824214807550577965855609363643452525138854980468750
0.3797529309265995078881417157390387728810310363769531250
0.1904376253927505258101149365757009945809841156005859375
-0.2142172995115284306333336417083046399056911468505859375
-0.1913175867496625104369201153531321324408054351806640625
0.2825287979459529252856953007722040638327598571777343750
0.1780385093881186597819521466590231284499168395996093750
0.2650082623746264354203105995111400261521339416503906250
-0.0490010642911222898954193283316271845251321792602539062
-0.0249112403985628227953696978147490881383419036865234375
0.3216009819007574210836253314482746645808219909667968750
0.1984184899064468932117222266242606565356254577636718750
0.2342708424355800511662550889013800770044326782226562500
-0.4493256025567316513935622879216680303215980529785156250
0.1605195697300850488087320400154567323625087738037109375
-0.0192313475824634413924307807519653579220175743103027344
0.0002417835391719012981103648085579038706782739609479904
-0.1303182622222332776029674050732864998281002044677734375
0.3708248863964130337400604275899240747094154357910156250
-0.2298788397777274672417746614883071742951869964599609375
0.2598820457935633876367376160487765446305274963378906250
-0.3876685360056739138023829127632780000567436218261718750
0.0144069613034751662500321245374834688846021890640258789
0.1018572138595609383182605256479291711002588272094726562
0.3781047656910324628043440498004201799631118774414062500
-0.3696518483384393372048748460656497627496719360351562500
0.2427664394618746501741668453178135678172111511230468750
-0.4036446958358488878992886839114362373948097229003906250
-0.2058623303031293927389810960448812693357467651367187500
-0.0341439581379536921668105264870973769575357437133789062
0.4905505786253667177554405043338192626833915710449218750
-0.1914510766572354860670657217269763350486755371093750000
-0.4325859021515348623587726706318790093064308166503906250
0.5955147915496040722516113419260364025831222534179687500
-0.4377753590183426912751940562884556129574775695800781250
-0.1220281248852959493644831923120364081114530563354492188
0.2657486652477691335683118722954532131552696228027343750
0.5089167064175773580458894684852566570043563842773437500
0.4077936164552939946048581987270154058933258056640625000
0.3740593060876655773228094403748400509357452392578125000
0.2882323437767860818681242562888655811548233032226562500
0.2050284301008543086375368602602975443005561828613281250
-0.0826403713067593165275681599268864374607801437377929688
-0.4627284366432032336469148958713049069046974182128906250
-0.3567206806413171227276848185283597558736801147460937500
-0.5123177294302568851591672682843636721372604370117187500
0.3098194742902464771105996987898834049701690673828125000
0.0216882166513827946696668647064143442548811435699462891
-0.1594574077349455443197712156688794493675231933593750000
-0.3662334056240585944408394425408914685249328613281250000
0.3399985367293680837974534370005130767822265625000000000
-0.1896282084264351297520079242531210184097290039062500000
-0.4214080337895109162893447773967636749148368835449218750
-0.0001024051897858902296107458385066024675325024873018265
-0.3185291498797341858129072988958796486258506774902343750
-0.3953883135563054929129123138409340754151344299316406250
-0.1949836604292345398903307795990258455276489257812500000
0.3551445930616849988581407160381786525249481201171875000
0.4677983542525392945954365586658241227269172668457031250
-0.3902992471408519570275075238896533846855163574218750000
-0.3764380044123772361963631283288123086094856262207031250
0.4682071315363970920309100165468407794833183288574218750
0.3849039857359983218820786987635074183344841003417968750
-0.0392234783401217076970191044438251992687582969665527344
-0.0574008127308238344510549211463512619957327842712402344
-0.3064331622778424524256024596979841589927673339843750000
0.1471430705215210632541555924035492353141307830810546875
-0.2408407780259447239501469084643758833408355712890625000
-0.0693661219089315300712073053546191658824682235717773438
0.0067162275557473517448303645949181372998282313346862793
-0.1869775650190160787289528343535494059324264526367187500
0.1016186592150639528275846146243566181510686874389648438
0.3416849578594166048084446174470940604805946350097656250
-0.3837006018392197237432128531509079039096832275390625000
0.0352312406055134419435859172153868712484836578369140625
0.0607722219749558117962706660364347044378519058227539062
0.3728600116091758676084566559438826516270637512207031250
0.4188090229567516531439252958080032840371131896972656250
-0.4459152336853302034391788311040727421641349792480468750
-0.4032910124036838128702697758853901177644729614257812500
-0.4139990335526096409957119703904027119278907775878906250
0.4201129599876896048016305940109305083751678466796875000
0.0861049326891511618287111673453182447701692581176757812
0.0687752748431150751073914761946070939302444458007812500
-0.3949975692284102279927537892945110797882080078125000000
-0.1363231218011274337165161796292522922158241271972656250
-0.3481161764367202704484327568934531882405281066894531250
0.2903540408600026045959907605720218271017074584960937500
0.2587008735335630249529970114963361993432044982910156250
0.1421559623219179335773532102393801324069499969482421875
0.3349160714136655836448142053995979949831962585449218750
-0.2216617955874449485964561290529672987759113311767578125
-0.0546425663022598526175066524501744424924254417419433594
0.0522567263459736766617602654605434508994221687316894531
0.2631543137858610159618422130733961239457130432128906250
-0.0905678774474541203876043482523527927696704864501953125
0.5424708585118038772776571931899525225162506103515625000
-0.1729776644735854795875695799622917547821998596191406250
0.1021598873074924529458229471856611780822277069091796875
-0.2460915939512925698640088967295014299452304840087890625
0.2605634573506133144782381805271143093705177307128906250
0.3175369002822018837939310742513043805956840515136718750
0.1415066380356280739682972580339992418885231018066406250
0.1690423398455662418182754436202230863273143768310546875
-0.0973433865432000167139392488024896010756492614746093750
-0.1983846969045039432266719359176931902766227722167968750
-0.0272477006818318996661520969837511074729263782501220703
0.2699647659133480037674246432288782671093940734863281250
-0.1768446945736837083718029361989465542137622833251953125
-0.1680339597942991924917066626221640035510063171386718750
-0.4428211402356916348566073793335817754268646240234375000
0.3357485792357126630491848118253983557224273681640625000
0.3874014167244333450845772404136369004845619201660156250
0.0772123715421048906204504191919113509356975555419921875
-0.5672048963045919212078160853707231581211090087890625000
-0.4571186326833548418946406854956876486539840698242187500
0.0567365381136218996371844980330934049561619758605957031
-0.1491786511760883338073568893378251232206821441650390625
-0.1224632225697640658390596968274621758610010147094726562
-0.2895770890649901896374274201662046834826469421386718750
0.1739383691558176181501949031371623277664184570312500000
0.0402168308303845895013139966067683417350053787231445312
0.4200391812769488364409653513575904071331024169921875000
-0.2542316925910498293106343226099852472543716430664062500
-0.4642293254719191963886260055005550384521484375000000000
-0.2175774746347322596840001551754539832472801208496093750
0.0339118055320510106143139239520678529515862464904785156
-0.1045322747120557838051979615556774660944938659667968750
-0.4815915102222393384678866823378484696149826049804687500
-0.4300799818878575098146654909214703366160392761230468750
-0.3434903501078880871943965757964178919792175292968750000
0.2149347282417011506527870778882061131298542022705078125
0.1612321627788908529055333929136395454406738281250000000
-0.0048519804329187482538898734674148727208375930786132812
-0.1318896053302589521649679227266460657119750976562500000
0.3567192546392210505956654742476530373096466064453125000
0.0236795941131380908994952250168353202752768993377685547
0.1042596753945293774901159622459090314805507659912109375
0.0902638040262265933799668005121930036693811416625976562
-0.1136090751155759553947532936035713646560907363891601562
-0.0637508747664407154909227415373607072979211807250976562
-0.0738348410944981159431677042448427528142929077148437500
-0.4238031634370774125564196310733677819371223449707031250
-0.3281755456590601527366857226297724992036819458007812500
-0.4369464110534461154244922909128945320844650268554687500
-0.2214381545608068990738104275806108489632606506347656250
-0.2102336488724188545695881202846067026257514953613281250
0.3959504577932626001590676878549857065081596374511718750
-0.0546475562154057070696211440008482895791530609130859375
0.4381110392153846899709890294616343453526496887207031250
0.0932380199040135082544367151058395393192768096923828125
-0.3091802259737806979345009494863916188478469848632812500
-0.3911542025672592459706322642887244001030921936035156250
-0.3262409000762060973244160777539946138858795166015625000
0.4221789293903895901038936244731303304433822631835937500
0.1154910469372585207770143256311712320894002914428710938
-0.3316372056075073126990560012927744537591934204101562500
0.0734498024061624177338813979076803661882877349853515625
0.2437452559648366767763860707418643869459629058837890625
-0.2865984607488776814143704996240558102726936340332031250
0.1386425411017332409713276319962460547685623168945312500
0.3494611899593302317690302061237161979079246520996093750
-0.3460214046625054717942759907600702717900276184082031250
-0.1023629203467132237070913447496423032134771347045898438
0.1710784964938141528012494063659687526524066925048828125
-0.0185843369497050714400643300905358046293258666992187500
0.4640351138615781967367013294278876855969429016113281250
-0.4158826984513960822731348798697581514716148376464843750
0.0846393679397508119643944723975437227636575698852539062
0.1356194232245915565204796848775004036724567413330078125
-0.3138612554985388269912505165848415344953536987304687500
-0.2731944140322236092011110031307907775044441223144531250
0.0658017064465823559027413125477323774248361587524414062
-0.4368593190259001945996431004459736868739128112792968750
-0.1254168553779136940917737774725537747144699096679687500
0.2193083173342911251779696613084524869918823242187500000
-0.5217501797824366516209693145356141030788421630859375000
-0.1206328931679675198207490893764770589768886566162109375
0.2913316217297715615686115597782190889120101928710937500
-0.0927969869425521037831217086022661533206701278686523438
-0.2900969085758441923239558946079341694712638854980468750
0.2575209079045575055744166093063540756702423095703125000
-0.2774998410017998073939793357567396014928817749023437500
-0.3803223588989024239737091193092055618762969970703125000
0.0591449201517112166381906490641995333135128021240234375
-0.0703414997099046507278430340193153824657201766967773438
0.4436257643819139229179882022435776889324188232421875000
0.0877744571070286916381064656889066100120544433593750000
-0.1812935475549050656773886203154688701033592224121093750
-0.4806126961001813691076733903173590078949928283691406250
-0.2480276078763840597041223645646823570132255554199218750
-0.3605148200226951926694596295419614762067794799804687500
0.4509458282737875967072227467724587768316268920898437500
0.1811349709948430197758995063850306905806064605712890625
-0.1314572246512723530109667535725748166441917419433593750
-0.4667474371648476783036585402442142367362976074218750000
0.2054452468327103986656112510900129564106464385986328125
-0.3507561163297800432836481832055142149329185485839843750
-0.4573258983357605389485911473457235842943191528320312500
-0.4529341539167197616677640326088294386863708496093750000
0.2085061345344704497595245129559771157801151275634765625
-0.0146200390897008002111245872356448671780526638031005859
0.1184755206778567715453220898780273273587226867675781250
0.0930308436098220142840276025708590168505907058715820312
0.3834405791120160666984872932516736909747123718261718750
-0.0688178191030384689419463484227890148758888244628906250
-0.0208180185734550514398133458371376036666333675384521484
-0.2407497529637084021647552845024620182812213897705078125
0.1476555196680816028909077886055456474423408508300781250
-0.4142461146105763103442143346910597756505012512207031250
-0.0190302702345536110806190066568888141773641109466552734
-0.1616993927660550500746694524423219263553619384765625000
0.0179151301831939439856977713816377217881381511688232422
0.2534171707609624291102079496340593323111534118652343750
0.3944278352754744809693931983929360285401344299316406250
0.3239114386876535967019208328565582633018493652343750000
-0.3412116352266543750637595167063409462571144104003906250
-0.0013232997059658762554340549755238498619291931390762329
-0.1342880269742429411028439290021196939051151275634765625
0.1452415510724439917655814724639640189707279205322265625
-0.4921428502753734668395679818786447867751121520996093750
-0.0371728685207543471658020450831827474758028984069824219
0.4510077297845658805819368808442959561944007873535156250
0.4903887710461132254380345329991541802883148193359375000
0.0563608816351316710413499322385177947580814361572265625
-0.1604096272402946443680349375426885671913623809814453125
-0.1039950411731289103833830722578568384051322937011718750
-0.0023246291430502725137985375880589344887994229793548584
-0.2616527550200048457540447088831569999456405639648437500
0.0769313902171359781378967568343796301633119583129882812
0.1344024320566729602255406916810898110270500183105468750
-0.0639893917537192047362282210087869316339492797851562500
-0.0869720581996868413732215685740811750292778015136718750
0.0810771800152644689374525910352531354874372482299804688
0.3344979129269431417093016989383613690733909606933593750
-0.0002092425735458689471137072590778416270040906965732574
-0.2590067587545096250423171113652642816305160522460937500
-0.1843182622947211746211593208499834872782230377197265625
-0.0022780121526159804491717952856788542703725397586822510
0.3052217172405851108862862020032480359077453613281250000
0.1361498398763995865135001395174185745418071746826171875
0.0322611392867920773741552409319410799071192741394042969
0.1382262000595729789509391594037879258394241333007812500
0.0902339359359493053958090058586094528436660766601562500
-0.1096315217639678152306004221827606670558452606201171875
-0.4830035284384888161213211787980981171131134033203125000
-0.2731060218780112514025404379935935139656066894531250000
0.3518654528828835670317687345232116058468818664550781250
-0.3494930824024489179890906598302535712718963623046875000
0.0956492681188055582364171414155862294137477874755859375
-0.4141632669669961241964983855723403394222259521484375000
0.2725105190627219453602947396575473248958587646484375000
0.4630478839834587523327513736148830503225326538085937500
0.2716874882441725480575200890598352998495101928710937500
0.0507960864049684587828714654733630595728754997253417969
0.3140001285700899091857252187764970585703849792480468750
0.0527495329372514726307130672466882970184087753295898438
0.4471561416438880054435855981864733621478080749511718750
0.3270584896832970378532934319082414731383323669433593750
-0.4516073961271561687524922490410972386598587036132812500
0.4086408654508554283424359709897544234991073608398437500
-0.0393467078231616654293567592048930237069725990295410156
-0.4170295159762843484330119281366933137178421020507812500
0.3147000922091017227621989604813279584050178527832031250
-0.0339948259632912863636988731741439551115036010742187500
0.4882492561936955244306091117323376238346099853515625000
-0.0338606703562447028388326941694685956463217735290527344
0.3048564978718950047031910344230709597468376159667968750
-0.4545847431085401901817988346010679379105567932128906250
0.4160277304701548439780367516505066305398941040039062500
0.4393293821743637916910074636689387261867523193359375000
-0.3098011878998393475725947610044386237859725952148437500
0.3385056615072166152913268888369202613830566406250000000
-0.3718821850288490105107541694451356306672096252441406250
-0.5228613616997117574669573514256626367568969726562500000
-0.4140821451798383234788047957408707588911056518554687500
0.0618490819132796257329154343551635975018143653869628906
-0.4656462250300710814521210068051004782319068908691406250
-0.4333540493351796252241570073238108307123184204101562500
0.2148357791744770206587844540990772657096385955810546875
0.2521823870695037439482177887839497998356819152832031250
-0.2161123638413521286238960783521179109811782836914062500
-0.0325404511277141705871684962403378449380397796630859375
0.3489888713232291439503285346290795132517814636230468750
-0.3045881486327990383955466313636861741542816162109375000
-0.1264388115949498236911807680371566675603389739990234375
-0.3460433282709295399470761367410887032747268676757812500
0.3688504123151863378637926871306262910366058349609375000
0.2665284300131058325966648681060178205370903015136718750
0.0455349026158261838137519816882559098303318023681640625
-0.3112685116944709506903166129632154479622840881347656250
0.4868630753907136621272400134330382570624351501464843750
-0.1929226805819260481822396968709654174745082855224609375
0.1250535345085316829560895257600350305438041687011718750
-0.4522594129150863118127290363190695643424987792968750000
0.0878193716432256604731421134601987432688474655151367188
0.2649854335723656473255971377511741593480110168457031250
0.1248489627392764672597635922102199401706457138061523438
0.1349520109272366319430602743523195385932922363281250000
-0.3665766983782088317411762545816600322723388671875000000
-0.2340436412034075930321819214441347867250442504882812500
0.1469936893619925577514351289210026152431964874267578125
-0.3341079103695128171835904140607453882694244384765625000
0.0730137323626195988701681471866322681307792663574218750
-0.5012455512480255004348350666987244039773941040039062500
-0.2962581761032848093329050698230275884270668029785156250
-0.0789038938002725592779640351182024460285902023315429688
-0.1411430448171864249218288023257628083229064941406250000
0.3315439844477525710431109473574906587600708007812500000
0.0510803205877107605048514926693314919248223304748535156
0.2935687231964493326685783358698245137929916381835937500
-0.0036382826859683750457541417944185013766400516033172607
-0.3328265854537777457267111458349972963333129882812500000
-0.1087272557041995130200362495997978840023279190063476562
0.5372038826116439791391599101189058274030685424804687500
-0.1885429322003242813554635404216242022812366485595703125
-0.4416630616523221086744399599410826340317726135253906250
0.0017523994547243670720504393756300487439148128032684326
-0.1591699833538478547900751891575055196881294250488281250
-0.0608416071865778909644184579974535154178738594055175781
0.3346560846627104068851110696414252743124961853027343750
-0.0579031337166328180510177503492741379886865615844726562
-0.5112147987766497703177037692512385547161102294921875000
-0.4049573242020050867218117218726547434926033020019531250
0.1607851886669531826790091599832521751523017883300781250
-0.3155904965634492853610026941169053316116333007812500000
0.3980014376410719312282537885039346292614936828613281250
-0.4500157110190786680092855931434314697980880737304687500
-0.1298274970447108045412676347041269764304161071777343750
-0.0002628062312452927483039100131634313584072515368461609
0.2989074275511911515934571070829406380653381347656250000
0.0018027307950159319940158786366168897075112909078598022
-0.2594483807394323271466873848112300038337707519531250000
0.2247619574783751295043998652545269578695297241210937500
-0.1817993093839214147067195881390944123268127441406250000
-0.3010797850692533694783037390152458101511001586914062500
-0.2584377820056276142679507756838575005531311035156250000
-0.4145814701841976646079501733765937387943267822265625000
0.5135698947551029514002607356815133243799209594726562500
0.1254817990167888808183960236419807188212871551513671875
0.2311936770404059149353059865461545996367931365966796875
-0.0539994505964589213697912839506898308172821998596191406
-0.2464607614304176741448770826536929234862327575683593750
0.1522188395965101137541353182314196601510047912597656250
0.0925681302127853433692195039839134551584720611572265625
-0.4508466854476368412818487740878481417894363403320312500
0.4921653632543454559566953321336768567562103271484375000
0.2282405969681570723217589602427324280142784118652343750
-0.4120476742788883317558656926848925650119781494140625000
0.4715746610748206557595096910517895594239234924316406250
-0.1704851423882920713470667806177516467869281768798828125
0.4694870200298367213243011519807623699307441711425781250
0.3839853547985493942285017965332372114062309265136718750
-0.0140687852445069584012005137196865689475089311599731445
0.4716941534077038755690125526598421856760978698730468750
0.2381625194010061064009420306319952942430973052978515625
0.0980253929791376488189769133896334096789360046386718750
-0.5425967267531430771043687855126336216926574707031250000
-0.3831034800091551728584704505919944494962692260742187500
-0.3990978609735930104918111283041071146726608276367187500
-0.0002334644728197330049244279104314614414761308580636978
-0.1074791768451226203762161048871348612010478973388671875
0.4303049900051930110045361743686953559517860412597656250
0.2104132677012610086464405867445748299360275268554687500
-0.1646009761778812752197609370341524481773376464843750000
-0.4329955177642102470692009319463977590203285217285156250
0.2448072628941109218914107259479351341724395751953125000
-0.0492925076872297515673260193125315709039568901062011719
-0.0154830676520067312545991811134626914281398057937622070
0.2175270561278123404580497890492551960051059722900390625
0.4306582027629289877168616840208414942026138305664062500
0.5153198442474511420385852034087292850017547607421875000
0.1903125267362161809892029395996360108256340026855468750
-0.0975419808469355498203867682605050504207611083984375000
-0.3965515641161954651927601389616029337048530578613281250
0.1214933764968214868762430569404386915266513824462890625
0.0373818627900485353499071550231747096404433250427246094
0.3719975075938828368293798121158033609390258789062500000
-0.2226823932022160557053780394198838621377944946289062500
-0.5210425349898614166832544469798449426889419555664062500
-0.4827717646073419466290488344384357333183288574218750000
0.2330649150183699003235915370169095695018768310546875000
-0.2413585663461914332383884129740181379020214080810546875
0.2200326290127067596635868085286347195506095886230468750
-0.2159194999231247025228697111742803826928138732910156250
0.4404579965337391267432565200579119846224784851074218750
0.1141280330649394186837142228796437848359346389770507812
0.0086336688843165147050351393431810720358043909072875977
0.2065971026920495334788796526481746695935726165771484375
-0.3532517058767031259414181931788334622979164123535156250
-0.4530934156455056482926124772347975522279739379882812500
0.2101516901563818540132899670425103977322578430175781250
0.1867825225719906279131521387171233072876930236816406250
0.2677794520016428814201958630292210727930068969726562500
0.0215912921207102939669120189591922098770737648010253906
-0.3208416948726903195066029184090439230203628540039062500
0.2744804045695036776031372482975712046027183532714843750
0.1446766549121002443101247081358451396226882934570312500
0.2846006908575564597896345730987377464771270751953125000
0.0628307867887698545672492400626651942729949951171875000
-0.2119436930786026684891965032875305041670799255371093750
-0.0497197738050796853026547239551291568204760551452636719
-0.4015164214220957039636061836063163354992866516113281250
0.4902260790165944848162382641021395102143287658691406250
-0.4000300249174810196528540018334751948714256286621093750
0.4277813983614516812892247799027245491743087768554687500
0.0709300179447715645197902745167084503918886184692382812
0.0925968976896023726608220272282778751105070114135742188
0.2624353373432277702903547833557240664958953857421875000
-0.2099307820763016141363266342523274943232536315917968750
0.2849981285550806653361632925225421786308288574218750000
0.4189344883309581990538106310850707814097404479980468750
0.4587649140553268778397466576279839500784873962402343750
0.0942164391654598948333543262378952931612730026245117188
0.4755769534506444351507070678053423762321472167968750000
0.0144727198658048394896979971235850825905799865722656250
0.0595186700825926992552972194516769377514719963073730469
0.2703711145425635731243119153077714145183563232421875000
-0.3007097301911913489469441174151143059134483337402343750
0.3869652955718632658665967483102576807141304016113281250
-0.4240550068232465386053320344217354431748390197753906250
-0.4120418654258553026181743916822597384452819824218750000
0.1586802658910443641904208789128460921347141265869140625
0.1436861765143157831925435630182619206607341766357421875
-0.2559810307110333971181148626783397048711776733398437500
-0.5526930255370303690654054662445560097694396972656250000
0.1067424994298303841944175474054645746946334838867187500
0.4789622989847969192211962763394694775342941284179687500
0.3454151778756656132607361087138997390866279602050781250
-0.3454873016003219277081370819360017776489257812500000000
0.4221980879251034934895869810134172439575195312500000000
0.4628888076407741136719664609699975699186325073242187500
-0.3427253483321000548933454865618841722607612609863281250
0.1905500707238602930981841154789435677230358123779296875
-0.1440821961778188664560218512633582577109336853027343750
-0.4414876012709274544221216274308972060680389404296875000
-0.3322620853527289419560020178323611617088317871093750000
-0.3921875365212710295992337705683894455432891845703125000
0.1483663786103998349918953181258984841406345367431640625
0.0809506750276744319050337139742623548954725265502929688
-0.0368776454041870038746964155507157556712627410888671875
-0.0955576055189353429364373937460186425596475601196289062
0.3103368904201261879727269388240529224276542663574218750
-0.3123594398564546459340363071532920002937316894531250000
-0.1946845788274102484471939078503055498003959655761718750
-0.1301810971041117148683241566686774604022502899169921875
0.2964043562604329329346342092321719974279403686523437500
0.2141149998641065921312076625326881185173988342285156250
-0.0833624252231835588533570557956409174948930740356445312
-0.4837506321049597768357841687247855588793754577636718750
0.3964962180101453959046864383708452805876731872558593750
0.3718323783002957516607978050160454586148262023925781250
0.3622101995075630576081948674982413649559020996093750000
0.1101987793522356956499308466845832299441099166870117188
-0.1828654487526691907461895425512921065092086791992187500
0.3039544537280358116326794970518676564097404479980468750
-0.2201003013289812015873536665822030045092105865478515625
0.5339618955701544988912132794212084263563156127929687500
0.5054286822747107166264868283178657293319702148437500000
-0.3197722905691112726955793732486199587583541870117187500
0.3643859359270567588318101570621365681290626525878906250
0.0249227950562835691428187345763944904319941997528076172
0.0466939192850354956032532527387957088649272918701171875
0.1211982229605399197236437203173409216105937957763671875
-0.0812846809464478070594850578345358371734619140625000000
-0.2856755144917338395949002460838528349995613098144531250
-0.3577669250080096619015534997743088752031326293945312500
0.0219077395391248409828310883540325448848307132720947266
-0.2485190557849624726216575254511553794145584106445312500
-0.0886056063698556772845194018373149447143077850341796875
0.1511923064296674945605758466626866720616817474365234375
0.0019888878905686005818531647548752516740933060646057129
0.1183132112265936480843819822439400013536214828491210938
0.1065418117953715881895959682879038155078887939453125000
-0.3475403004168122200745472127891844138503074645996093750
0.4668572364815339881261024856939911842346191406250000000
0.2765643427910109974909858010505558922886848449707031250
-0.3796176640200278340486761408101301640272140502929687500
0.2165801916083938127854935373761691153049468994140625000
0.0434398242124245659301351452086237259209156036376953125
-0.2258418159337593211777317492305883206427097320556640625
0.4432249396018058673618611464917194098234176635742187500
0.3818733652764756958397640573821263387799263000488281250
-0.2250703576443094933168254101474303752183914184570312500
-0.0080030254144820220374434427412779768928885459899902344
0.1470744084652138850000113734495243988931179046630859375
0.4741618814736389131425653431506361812353134155273437500
0.1988292653673559007287963140697684139013290405273437500
0.1600009807228968961023696238044067285954952239990234375
0.2876145629149134408386601080565014854073524475097656250
-0.2811884339363808771317110313248122110962867736816406250
-0.2388944482109594258378848508073133416473865509033203125
-0.2883817371659511685777488310122862458229064941406250000
0.3745317144177799373316872788564069196581840515136718750
0.1467687223121396100644631133036455139517784118652343750
0.1358626149382159975509409832739038392901420593261718750
-0.3104108785765497535713564047910040244460105895996093750
0.2453947119067346471776858152225031517446041107177734375
-0.4024582734774602710281499184929998591542243957519531250
-0.1363496624426616121716904217464616522192955017089843750
-0.4338000031350275897956692006118828430771827697753906250
0.3295426699536134207413340391212841495871543884277343750
0.1731736907392926183568704345816513523459434509277343750
0.1872643574869010951733372394301113672554492950439453125
-0.1110387763588835813299837695922178681939840316772460938
-0.0623624042690042595937782721193798352032899856567382812
-0.1754090973576132306277486350154504179954528808593750000
0.2520865754794512358927249806583859026432037353515625000
0.3829792164798919706925062200753018260002136230468750000
-0.1162767114183103078772774097160436213016510009765625000
-0.2709289221580055140314868822315474972128868103027343750
0.2460237795836386909265058875462273135781288146972656250
-0.3327473744934130173156461296457564458250999450683593750
0.3092004153644369313091999629250494763255119323730468750
-0.2530477139509753059520846818486461415886878967285156250
0.0200855217382537379333662386216019513085484504699707031
0.0084806969639129991395121166419812652748078107833862305
-0.4001364050893229107330739680037368088960647583007812500
0.2581116400865471338654799637879477813839912414550781250
-0.0178462524759417963393648420833415002562105655670166016
0.3021547534906921517183775449666427448391914367675781250
-0.2415884019666975079942972115532029420137405395507812500
0.2404705675237027162616243458614917472004890441894531250
0.3505011271523514881920391417224891483783721923828125000
-0.4268765487294917670979543800058308988809585571289062500
-0.1084149415749873363035149509414623025804758071899414062
0.3851613826897124504000657907454296946525573730468750000
-0.3583287250988904104609389378310879692435264587402343750
0.3293041403226775742929532952985027804970741271972656250
-0.0276181085934723048735950357013280154205858707427978516
-0.3137802206249872827292790589126525446772575378417968750
0.0847134835307713079943781053771090228110551834106445312
0.3418080600525086887309100802667671814560890197753906250
-0.0465129955878279752190529450217582052573561668395996094
0.1932526917519949705148718521741102449595928192138671875
0.0455345902002090505145126542174693895503878593444824219
0.0169784395995105398535773844059804105199873447418212891
0.5695929156343759736103038449073210358619689941406250000
-0.5037603830568003759893258575175423175096511840820312500
-0.1528823447758341780300384016300085932016372680664062500
0.2416749395877119399589361137259402312338352203369140625
0.0629416466074189939750027633635909296572208404541015625
0.4688426893236587456037511856266064569354057312011718750
-0.1100542572298602028713077061183867044746875762939453125
-0.2474165454561003951727826688511413522064685821533203125
0.3194510792571141899465203550789738073945045471191406250
0.1993135408912173056616978783495142124593257904052734375
0.4747076035908960323084215815470088273286819458007812500
0.3617960921712435329311574605526402592658996582031250000
0.2287033056503447181473376303983968682587146759033203125
0.0486457037128341859832936222574062412604689598083496094
0.0416506881408996512683451385328226024284958839416503906
-0.2852453472986206661765606895642122253775596618652343750
-0.4636334443486757050933988466567825525999069213867187500
0.4088853107750380355689401312702102586627006530761718750
0.2665621819915492407560009269218426197767257690429687500
0.2353018063327231568226949320887797512114048004150390625
0.4371074152528880429890989489649655297398567199707031250
-0.3996962929970864220052817472605966031551361083984375000
0.4243603370933975993395392833917867392301559448242187500
-0.3436567993048473823591848486103117465972900390625000000
-0.2256957267919173226733420278833364136517047882080078125
0.4045535252062098519054700318520190194249153137207031250
0.0726142837976572613767345387714158277958631515502929688
0.2465886584776004752939115860499441623687744140625000000
0.2016966762196230333881175056376378051936626434326171875
-0.4988941446357573750169933646247955039143562316894531250
-0.0828589654283548582291984985204180702567100524902343750
0.2822023868061804274809389880829257890582084655761718750
0.1476545659110619357345939306469517759978771209716796875
-0.5311348148624125409256180319061968475580215454101562500
0.3932389981309800663922260355320759117603302001953125000
-0.1412936326101123518661495381820714101195335388183593750
-0.3301812230231386258161307978298282250761985778808593750
0.0503286218515454145117082873639446916058659553527832031
-0.0255708131750575357044041879817086737602949142456054688
0.4260155131438297937407355675532016903162002563476562500
-0.4108830795557204540457973962475080043077468872070312500
-0.3030441609612113951222056584811070933938026428222656250
0.3903444011217744868957879589288495481014251708984375000
-0.4652277373486080058739844389492645859718322753906250000
-0.2639237047815614078949408849439350888133049011230468750
-0.1885071564902525420581724802104872651398181915283203125
-0.2804259940408795892530235960293794050812721252441406250
0.0289382923827208142497635634526886860840022563934326172
0.1286859349431531407415008061434491537511348724365234375
0.4114748938152014146041324238467495888471603393554687500
-0.3104688858404480167330063977715326473116874694824218750
-0.4494639165206884556802435781719395890831947326660156250
-0.4788589579068751045376473030046327039599418640136718750
0.0874125636956741419725247510541521478444337844848632812
0.0391977772667195314970634001383587019518017768859863281
0.1755977350508159118280815391699434258043766021728515625
-0.1806415577038803510490083681361284106969833374023437500
0.2668951361663136068180790516635170206427574157714843750
0.2777736808712551463962370235094567760825157165527343750
-0.3014386672402754596689078425697516649961471557617187500
-0.0635683766013081380519267327144916635006666183471679688
-0.3228342983848804803592713597026886418461799621582031250
-0.4210167078075010560489488398161483928561210632324218750
0.2274188440956526890968092402545153163373470306396484375
-0.0080638029496550977376356783565825026016682386398315430
-0.1839035175391300624969659338603378273546695709228515625
-0.5121927152225302926069616660242900252342224121093750000
0.3170027742943982151935244928608881309628486633300781250
0.3867674500773704004963349234458291903138160705566406250
-0.2492867452484314738647697140550008043646812438964843750
-0.0480104660015134090955690737700933823361992835998535156
0.3247219254169101398943553249409887939691543579101562500
0.3650840286406156764975605710787931457161903381347656250
0.4030428415744788384067476272321073338389396667480468750
-0.3075378718965767199655658714618766680359840393066406250
-0.3529006179218861505297866187902400270104408264160156250
0.3965258532999361706927743398409802466630935668945312500
-0.1966031183282195282657767165801487863063812255859375000
-0.1547687832410928054915899565457948483526706695556640625
0.0876141606980341269839129836327629163861274719238281250
0.1455478485261063326117181304653058759868144989013671875
-0.3275207898953823026921838845737511292099952697753906250
-0.2148238831783071955960906507243635132908821105957031250
0.3841113329697580236476994741678936406970024108886718750
0.0065904535606363797914375446396206825738772749900817871
0.2337081367338353643514636814870755188167095184326171875
0.2280706156478387869324109260560362599790096282958984375
-0.1625918255336225304308328531988081522285938262939453125
-0.4276756301303780150036004670255351811647415161132812500
0.5004786556248905782240399275906383991241455078125000000
0.2320117048753399802141217378448345698416233062744140625
0.3072482821983963940937201186898164451122283935546875000
0.1728589466250658179813370907140779308974742889404296875
-0.4436759192640241100669129536981927230954170227050781250
0.0429100401475007442453346584443352185189723968505859375
-0.3795331269377854588320531092904275283217430114746093750
0.3982399481154033638041767062532017007470130920410156250
-0.2389512509026808229073424172383965924382209777832031250
0.1935642370193154104818233918194891884922981262207031250
0.1466577469547136747252125132945366203784942626953125000
-0.5537191973464760108569748808804433792829513549804687500
0.1878424600414457523722688847556128166615962982177734375
-0.3909322487244408783624294301262125372886657714843750000
-0.0552771450070736261594994687129656085744500160217285156
-0.4709144890665979965582721433747792616486549377441406250
0.2562000231231614799654039416054729372262954711914062500
-0.5051392663903482294074365199776366353034973144531250000
-0.0292539506367700020972311136802090913988649845123291016
0.1326970053592959053467836838535731658339500427246093750
-0.0444441059099715957136922384052013512700796127319335938
-0.4014652920275700864749524043872952461242675781250000000
-0.4408639349749238767195436139445519074797630310058593750
0.3442843421972602291347698155732359737157821655273437500
0.3807561902627898953177520979807013645768165588378906250
-0.3317843133941003608278208503179484978318214416503906250
0.3902812258016134516758199879404855892062187194824218750
0.1707614979678745148472529535865760408341884613037109375
0.2106880676294801135739476194430608302354812622070312500
-0.1322014367424108882698163824898074381053447723388671875
-0.1777378225525536870055276494895224459469318389892578125
-0.2423993916805952386628320027739391662180423736572265625
-0.4681981084769725742766866005695192143321037292480468750
-0.3577306566777959662140062846447108313441276550292968750
0.1843824677805106782013666588682099245488643646240234375
0.0722696503946867463419323485140921548008918762207031250
-0.4301489652867076518560907061328180134296417236328125000
-0.2772785468681649434508074136829236522316932678222656250
0.4473302716314873639369409374921815469861030578613281250
0.3731109071029093393612185991514706984162330627441406250
-0.4454197114222588904652866403921507298946380615234375000
-0.5672200068131638683865958228125236928462982177734375000
0.5011440735518322142638680816162377595901489257812500000
-0.4807966997689550048278306348947808146476745605468750000
0.1475013606431864743306903164921095594763755798339843750
-0.3806968587366301171037719086598372086882591247558593750
0.4904419054589748694361617253889562562108039855957031250
-0.3355478956747219299039386442018439993262290954589843750
-0.4140701387735951644053500331210670992732048034667968750
0.4596717420082598870578749483684077858924865722656250000
0.2674506279348436432741209500818513333797454833984375000
-0.2560205606693993773959050486155319958925247192382812500
0.0386156509470203385125941508704272564500570297241210938
-0.1577497960111524932802495868600090034306049346923828125
0.2383075648752250585982181974031846038997173309326171875
0.3543265125248282743086747359484434127807617187500000000
-0.1893708505883653914203534895932534709572792053222656250
0.0100299580906931702639628412043748539872467517852783203
-0.1898754911533737377293817871759529225528240203857421875
0.2459716977943957327834567649915697984397411346435546875
0.1646530178412924372288728136481950059533119201660156250
0.2030256232442794184223089359875302761793136596679687500
-0.0064803963996648986448101403823329746956005692481994629
-0.1935221376216010591431171405929489992558956146240234375
0.4991519054976287783631505590165033936500549316406250000
0.1635901651510765497654631417390191927552223205566406250
0.4699688667652368589955358402221463620662689208984375000
-0.1967082681700869639662698773463489487767219543457031250
0.1562499563630914689582596110994927585124969482421875000
0.1103701266286469667710079534117539878934621810913085938
0.2231421802088097983141068425538833253085613250732421875
-0.3372172502335812338536413790279766544699668884277343750
-0.2448972611996081405472125425148988142609596252441406250
0.3099566483306663289276627892832038924098014831542968750
-0.4815543385635695505797571058792527765035629272460937500
0.1541654488933107691739365918692783452570438385009765625
-0.2083670196529777418614770567728555761277675628662109375
0.1159417470230471730596732982121466193348169326782226562
-0.3458704531392226000363621096767019480466842651367187500
0.2968883004255695734485698267235420644283294677734375000
-0.4459714553764475009067780320037854835391044616699218750
-0.0639961104718553969172845086177403572946786880493164062
-0.3415566203483994534018108879536157473921775817871093750
0.2959447532294168792255106836819322779774665832519531250
0.3537234811130659517530716584587935358285903930664062500
-0.2225249945270171281208604341372847557067871093750000000
-0.3145471188746540303071697053383104503154754638671875000
-0.0772417662846577590674002067316905595362186431884765625
0.3056528129080500200132064492208883166313171386718750000
-0.2358072405609636101875281610773527063429355621337890625
0.2692448639335035531772177819220814853906631469726562500
0.4843782592342411041919092440366512164473533630371093750
-0.0648027719722173850547264351007470395416021347045898438
-0.3418725968561138750523298313055420294404029846191406250
-0.4998136801985200161624334214138798415660858154296875000
-0.2397860359141349984035684883565409108996391296386718750
-0.2149572516062412119719482461732695810496807098388671875
0.0902954143842025075405999245958810206502676010131835938
-0.1309110579234784021984694390994263812899589538574218750
0.1571745803418308218279975108089274726808071136474609375
-0.3339623287461753742277892342826817184686660766601562500
-0.0373534357843923262021412767808214994147419929504394531
0.0706043016846487209159377584910544101148843765258789062
-0.3321490241454623237871146557154133915901184082031250000
-0.0219443570877109056516118812396598514169454574584960938
-0.2023291555357473459064721055256086401641368865966796875
-0.2639745960073993646943790736258961260318756103515625000
-0.0572167007250300174714396916897385381162166595458984375
0.1287699840124662542528710673650493845343589782714843750
-0.2802933144283923927453372471063630655407905578613281250
-0.4033430678793204493537416510662296786904335021972656250
-0.2592460496440511796834016422508284449577331542968750000
0.4408154023079756678171747807937208563089370727539062500
-0.0482949181313814812632756456878269091248512268066406250
0.3509148858841615314929640589980408549308776855468750000
0.2969693258553763870466468688391614705324172973632812500
-0.4008913628982275212386809926101705059409141540527343750
-0.5471798592069754274547221939428709447383880615234375000
-0.2740691234272133458560460894659627228975296020507812500
0.2025271695619593748105558006500359624624252319335937500
-0.0149281900849833563255097956812278425786644220352172852
-0.2268285522850286006768527613530750386416912078857421875
0.5239271469687053484065586417273152619600296020507812500
0.2343197119505175674003538688339176587760448455810546875
-0.0142698858649528761977087754075910197570919990539550781
0.3176071882116821010200169439485762268304824829101562500
-0.2228406612138735809480749594513326883316040039062500000
0.3552584852889605904202596775576239451766014099121093750
0.0017950878358810816969037826851263162097893655300140381
0.3890062436072589391322651408700039610266685485839843750
0.0824018933430412936491649134040926583111286163330078125
-0.1306327625097546685228877549889148212969303131103515625
0.3026653944147834063294055795267922803759574890136718750
0.4352662911552577784668471849727211520075798034667968750
0.0999573251748398922122973431214632000774145126342773438
0.3273756178888772572221910195366945117712020874023437500
-0.3145322176369699795905887640401488170027732849121093750
-0.3262122387191654371285665092727867886424064636230468750
0.4945400623157370501026264264510245993733406066894531250
-0.4093160214388060769152843931806273758411407470703125000
0.0734083488676581241705321190238464623689651489257812500
-0.3969118822940734259141493112110765650868415832519531250
0.1521004282619687064670443987779435701668262481689453125
-0.1641404175342222604427888654754497110843658447265625000
-0.0481497924102894797604434984350518789142370223999023438
-0.5155620732533229277905206799914594739675521850585937500
0.1402084725233310180669832334388047456741333007812500000
0.4536861742833748767367296750308014452457427978515625000
-0.0248307292811894182726906166180924628861248493194580078
0.4375237790385465008746734838496195152401924133300781250
0.2408059162807153208429866708684130571782588958740234375
-0.0412452014942436273603476593052619136869907379150390625
-0.0499699652307287814356762112311116652563214302062988281
0.4729799918374859579728308744961395859718322753906250000
-0.1797973845729737008003468190509011037647724151611328125
0.2143851914723197693568579325074097141623497009277343750
0.1150199778152058843749827587998879607766866683959960938
0.3363431894035542879528577486780704930424690246582031250
-0.3699159103281325355894182393967639654874801635742187500
-0.0846885619682783141737303367335698567330837249755859375
-0.3232094184153892491018211785558378323912620544433593750
-0.3984001757826449718891126394737511873245239257812500000
0.0412437309224027784382293759790627518668770790100097656
0.4031162920070043287346095439716009423136711120605468750
0.3960467830497630403741027294017840176820755004882812500
0.1514386876657544955815382081709685735404491424560546875
0.3820586289931178214374085655435919761657714843750000000
0.1595516029320181161654801371696521528065204620361328125
0.2544452360285611725032595131779089570045471191406250000
-0.4381738397685298602723946714831981807947158813476562500
-0.3625139339723418840932822604372631758451461791992187500
-0.4912936338397069224726010361337102949619293212890625000
-0.5121241626387748047122272510023321956396102905273437500
0.2641974746968802079116755976428976282477378845214843750
0.2676150359142927537270395532686961814761161804199218750
0.3132501717916264527552527852094499394297599792480468750
-0.1678888511183259379944132660966715775430202484130859375
-0.4527730742124507212764683572459034621715545654296875000
0.3674086398493142113785836500028381124138832092285156250
0.4545819037071117119097607428557239472866058349609375000
-0.3315894175171945068569812065106816589832305908203125000
0.3705729052069020590387538049981230869889259338378906250
-0.4014945165353636102878454039455391466617584228515625000
-0.0170662730682539023896460150808707112446427345275878906
-0.5509062470619874307686814063345082104206085205078125000
-0.3743050301149229430741627311363117769360542297363281250
-0.0845238677075125371951358488331607077270746231079101562
0.2833109660909231553027609606942860409617424011230468750
0.1407052750350880898633221249838243238627910614013671875
-0.2188871916224543745510544567878241650760173797607421875
-0.2419261663682537033537300885654985904693603515625000000
-0.1925697618961690060768177090722019784152507781982421875
0.2588730813388283036324821750895353034138679504394531250
0.1354890732335401193342505621330928988754749298095703125
-0.1274021720845480154515882986743235960602760314941406250
0.2532661410158770776135384039662312716245651245117187500
-0.1113276176657302662942328197459573857486248016357421875
0.3754717006930199385550395163591019809246063232421875000
-0.2860037217065815040584197959105949848890304565429687500
0.3955828674753446572154302884882781654596328735351562500
-0.3238933831026056808788382568309316411614418029785156250
0.2826143043297634216415303853864315897226333618164062500
0.0391981950057797012831883876060601323843002319335937500
0.2203824896469504523999205503059783950448036193847656250
0.0314293422075143519256457125266024377197027206420898438
0.1529362315324054311105328451958484947681427001953125000
0.2577839881833010604594846881809644401073455810546875000
-0.0154794705530954292138634542652653180994093418121337891
-0.0146472823920196729835518922868686786387115716934204102
0.2501756090060331394475667821097886189818382263183593750
0.4264471002051454240344696700049098581075668334960937500
-0.1445256779520409096129185400059213861823081970214843750
-0.2472252676735842980004775881752721033990383148193359375
-0.1700910073036935032941840972853242419660091400146484375
-0.4778571087561019337108803028968395665287971496582031250
-0.0372472267934471010231156640202243579551577568054199219
0.4016022335576731605577549544250359758734703063964843750
0.1402452473789163323036888186834403313696384429931640625
0.3655314517940486673808209161506965756416320800781250000
0.1015368306026950551146370571586885489523410797119140625
-0.2969511359922248905363062476681079715490341186523437500
0.3172917873196416937986441553221084177494049072265625000
-0.5384955750047559774884575745090842247009277343750000000
0.1756008770412152697470986595362774096429347991943359375
0.2224249574216046188013251594384200870990753173828125000
-0.3297730769643163473148206321639008820056915283203125000
-0.4502763587677782730622766393935307860374450683593750000
0.2184931631034127130774891156761441379785537719726562500
0.3798525614322882937301528727402910590171813964843750000
-0.2164229469575350561783011471561621874570846557617187500
-0.4331529315388138456910382956266403198242187500000000000
-0.1766049596049817094201017653176677413284778594970703125
-0.1766854492087236161435015446841134689748287200927734375
-0.3408608582013887833284115913556888699531555175781250000
0.3823651990457088145625164088414749130606651306152343750
-0.1420458285546832011281281893388950265944004058837890625
-0.0257675368676420352143097147745720576494932174682617188
0.2835599002996558870570709132152842357754707336425781250
-0.2558202709204174252199948114139260724186897277832031250
0.2604580211491769325959921843605116009712219238281250000
-0.2986327498104584532434557786473305895924568176269531250
-0.2440594055827243480383259566224296577274799346923828125
-0.4078296152843076116667475616850424557924270629882812500
-0.0533210820145693861760172183039685478433966636657714844
0.0441003457333801404671724810668820282444357872009277344
-0.5868015637868100320417852344689890742301940917968750000
-0.2777588241719097794657500344328582286834716796875000000
-0.0153575806504458317602868078211031388491392135620117188
0.0237247801417109355215373511782672721892595291137695312
-0.3461270765164737861496746518241707235574722290039062500
0.1988041228348705335982060660171555355191230773925781250
-0.2821620370391094700934786487778183072805404663085937500
-0.4518388830315951953942033014754997566342353820800781250
0.1942814827136336575108543911483138799667358398437500000
-0.2313637809514839660529617049178341403603553771972656250
-0.1504707011834938157335272990167140960693359375000000000
-0.4354871321453601673567845864454284310340881347656250000
0.1643623450397415086676744522264925763010978698730468750
-0.5133363718881172044206095961271785199642181396484375000
0.2202626064895522317588216765216202475130558013916015625
-0.3720348759193094489994280138489557430148124694824218750
-0.1721726752586864028771174162102397531270980834960937500
-0.2083328089965600371513687605329323559999465942382812500
0.0241034921681617525512919542052259203046560287475585938
-0.0168257525553604549151121005934328422881662845611572266
0.2634547151335904224822570540709421038627624511718750000
-0.4041247909932594306603448330861283466219902038574218750
0.4883873485856559115703134921204764395952224731445312500
-0.2939801542036584725003933726839022710919380187988281250
0.2289233286194303773619651565240928903222084045410156250
-0.1874629069195394293068090973974904045462608337402343750
0.3662803796289191282653519010636955499649047851562500000
-0.0260139800427797683590735999814569368027150630950927734
0.1694125811132368708555873126897495239973068237304687500
0.2636573040821041380432632195152109488844871520996093750
0.4298280828205039427736267043655971065163612365722656250
-0.5136378392251064184392816969193518161773681640625000000
-0.1213085509548405271917914660662063397467136383056640625
-0.3650353697412699882640652049303753301501274108886718750
-0.1590010227553724231341902850545011460781097412109375000
0.1715452262281943474064860311045777052640914916992187500
-0.1935505970726031366169195280235726386308670043945312500
0.0680359206928299320438213726447429507970809936523437500
-0.3321265806842514378693920207297196611762046813964843750
-0.2880056459536752266892278839804930612444877624511718750
0.4355440242577499621035030941129662096500396728515625000
0.4373353798699424199725172002217732369899749755859375000
0.1236610367147888411842870937107363715767860412597656250
-0.0113720822283232998739510577479450148530304431915283203
0.1681417318853115905330497525937971659004688262939453125
-0.0657829345610683041689625838444044347852468490600585938
0.4378352493101917985995896742679178714752197265625000000
0.2691698950714897509151057874987600371241569519042968750
0.0252389927093562733972920142377915908582508563995361328
0.2040858749769678126551042396386037580668926239013671875
0.1449465999314056008362427974134334363043308258056640625
0.4349171401407136983152668108232319355010986328125000000
0.0300233919719902660194765786627613124437630176544189453
-0.4897624220221960533727667552739148959517478942871093750
0.1655335464934460931729631738562602549791336059570312500
-0.0979313963043998009228019441252399701625108718872070312
0.1301049422007986844374016754954936914145946502685546875
0.0822955860064534250319923103234032168984413146972656250
-0.2269013661534394210583798212610417976975440979003906250
0.3110923572566421380081180814158869907259941101074218750
-0.2374425563407717432173882343704462982714176177978515625
0.3913921448231376110094004161510383710265159606933593750
-0.0952542507677789224151965186138113494962453842163085938
-0.5030401422031567371107030339771881699562072753906250000
-0.4210360485186079859687424686853773891925811767578125000
0.4041110190757404851957801383832702413201332092285156250
-0.4690671736768354249669243927201023325324058532714843750
-0.2790089953450458626349472979200072586536407470703125000
-0.4524011212891981270622920874302508309483528137207031250
-0.2666927622293004396247795284580206498503684997558593750
0.1688003293248676872639890689242747612297534942626953125
0.3233208682946301926186549735575681552290916442871093750
-0.0309814466929323288624242849209622363559901714324951172
0.1223745279415271169920487182025681249797344207763671875
-0.2448260865296917054845238226334913633763790130615234375
0.4919396325462704333553176638815784826874732971191406250
-0.4401782382421566830466019837331259623169898986816406250
0.0942651941073259780345949820912210270762443542480468750
0.1788364641855030301442752715956885367631912231445312500
-0.4297001655167119182898716189811239019036293029785156250
0.1074216646715343975726497660616587381809949874877929688
0.3721547294837347363838375713385175913572311401367187500
0.5033911253467333590805310450377874076366424560546875000
0.5413133428939336244667401842889375984668731689453125000
-0.4503851105688582157071664369141217321157455444335937500
-0.1740950042272346176552844099205685779452323913574218750
-0.3613206004439441509923369721946073696017265319824218750
-0.3554916455727892832250347510125720873475074768066406250
0.0614234069608946553486816810618620365858078002929687500
-0.4778382846363934399747108727751765400171279907226562500
-0.4349009133835019524916276623116573318839073181152343750
0.5462940371950395501698949374258518218994140625000000000
0.1266080667343451870987536267421091906726360321044921875
-0.1232445470132242371086306320648873224854469299316406250
-0.2071274860632267567073228065055445767939090728759765625
-0.0262385482587659986386530164281793986447155475616455078
0.3931769674959083027410144950408721342682838439941406250
0.1571149301984961221823056121138506568968296051025390625
0.4571108681464050582654579102381831035017967224121093750
0.1936846104708924154458316024829400703310966491699218750
0.3229047169186695653841923103755107149481773376464843750
-0.3237944437673543895961358884960645809769630432128906250
0.3161647799982159057208264130167663097381591796875000000
0.5606188979403858851924269401933997869491577148437500000
-0.2406977849054096896264098859319346956908702850341796875
-0.3309089542234320280300607919343747198581695556640625000
0.2860887550609366170029090881143929436802864074707031250
-0.3885613040897987202626495673030149191617965698242187500
0.2444817000683037477859471664487500675022602081298828125
0.2666213123129617668105595384986372664570808410644531250
-0.4348033775880555951154349259013542905449867248535156250
0.3888939160692954088993644745642086490988731384277343750
0.1778503516591011801573074535554042086005210876464843750
-0.1627303565207007252091386817482998594641685485839843750
0.0100084074538118236036288166701524460222572088241577148
0.4072195221231402206818472677696263417601585388183593750
-0.0001417418871487821131500278726278452268161345273256302
0.0385912466948761176399607109033240703865885734558105469
0.4033213132371366027584258517890702933073043823242187500
0.4564303838620848985385691776173189282417297363281250000
-0.1946107544780120990335348096778034232556819915771484375
0.0405057694872256179863256875250954180955886840820312500
-0.0086992352574140653642675857781796366907656192779541016
0.1551828565800701664745275820678216405212879180908203125
0.1507531982700559824994712698753573931753635406494140625
0.3555609317927047041685284511913778260350227355957031250
0.0117043041421525020190363974847969075199216604232788086
0.2985423741610476189300982241547899320721626281738281250
-0.2099070899660557543153771575816790573298931121826171875
-0.2071819436810560244310863708960823714733123779296875000
0.1418858512845654062939360073869465850293636322021484375
0.0006156983278632037351676964398450309090549126267433167
0.0560477120362801450870193775699590332806110382080078125
0.1461925408784428004338451501098461449146270751953125000
0.3862783160890529421394035125558730214834213256835937500
0.0615076256999889867116415587133815279230475425720214844
-0.2249583270043564731111018772935494780540466308593750000
0.0650301918235291764869288044792483560740947723388671875
0.0961851488162109857782411381776910275220870971679687500
0.1466323855401578668544715355892549268901348114013671875
0.4116710076418041430734717778250342234969139099121093750
0.0973854821392361874599075122205249499529600143432617188
-0.2619669523819661005603620651527307927608489990234375000
0.0622951659879242142237032453522260766476392745971679688
0.2006994226946824111390554890022031031548976898193359375
-0.2366579419764665570546924300288083031773567199707031250
-0.0814288880745166199215390179233509115874767303466796875
-0.2036150686961700762012128507194574922323226928710937500
0.4180392614252914640360359044279903173446655273437500000
-0.3597141739518006087195090003660880029201507568359375000
0.2253009488094941670244253373311948962509632110595703125
0.0031997201229285667130330939045279592392034828662872314
0.2594255852607298407086489078210433945059776306152343750
0.0963916001441248032621800234664988238364458084106445312
0.2660055527694232813118446756561752408742904663085937500
-0.4823385434586396347533820971875684335827827453613281250
-0.3650513246817900792073885440913727506995201110839843750
0.4464071342004143905235480360715882852673530578613281250
-0.0199211477220390190123744389438797952607274055480957031
0.3700753597960904084374078593100421130657196044921875000
-0.0654860420791663344619593090101261623203754425048828125
0.0697083355223733075467507092071173246949911117553710938
0.4505758873333456926424389621388399973511695861816406250
0.0843050713196055317988353294822445604950189590454101562
-0.4891444679111868198972956633951980620622634887695312500
0.1364961303929925484634821941654081456363201141357421875
-0.4369336367063490489393018378905253484845161437988281250
-0.0922042101930748286831018845077778678387403488159179688
0.2629496620156677733071148850285680964589118957519531250
0.0473075696280775837010423856554552912712097167968750000
-0.1706464965806252787050567576443427242338657379150390625
-0.0486615149545196398750412924982811091467738151550292969
-0.4230659432902255101538457893184386193752288818359375000
0.1926255911552887389870392098600859753787517547607421875
-0.2481883053482693002322889697097707539796829223632812500
0.4567443288050052618842755691730417311191558837890625000
-0.3497818249535261658778040327888447791337966918945312500
0.1460648073315177208897353011707309633493423461914062500
0.4965871108631672581346094830223591998219490051269531250
0.4340060749763004488421813675813609734177589416503906250
0.3199645048674669700616846057528164237737655639648437500
-0.3442507904643160587809802564152050763368606567382812500
-0.3435205868653203875595636418438516557216644287109375000
0.2362102873840738748167922267384710721671581268310546875
-0.1971071461829949633681735576828941702842712402343750000
0.1510200113512532582582537088455865159630775451660156250
0.3980762794993539244181590674998005852103233337402343750
0.5719238464538779487256192624045070260763168334960937500
0.0228555950845063492182784870010436861775815486907958984
0.4361284169316276826400269328587455675005912780761718750
0.0434571660999808900838203840066853445023298263549804688
0.3189427228277240677911663624399807304143905639648437500
0.2063649469909819011981255698628956452012062072753906250
0.2437303127253042100974766981380525976419448852539062500
0.4409410463391724155357564995938446372747421264648437500
0.1964686022249726160548988218579324893653392791748046875
0.0116662673972271983130477579493344819638878107070922852
-0.0194927971847932562932115274634270463138818740844726562
-0.2158532499213184630004747077691718004643917083740234375
-0.0697432331636231028770822604201384820044040679931640625
0.4327957531139211000414945829106727614998817443847656250
-0.0037198291139295437679468392389026121236383914947509766
-0.2037776812525717573532091364540974609553813934326171875
-0.2010416888725357342782018577054259367287158966064453125
-0.1997541101046718670097845915734069421887397766113281250
-0.0752999901804855681364259112342551816254854202270507812
0.1738957778676086529667799140952411107718944549560546875
0.2975363502536632065442745442851446568965911865234375000
-0.3699627774209101049862624677189160138368606567382812500
0.2123207961625414030848446600430179387331008911132812500
-0.4826708136305496998907926808897173032164573669433593750
-0.4805280504979377309560106823482783511281013488769531250
-0.2404553050635541422419549917322001419961452484130859375
0.1826979954757131374698531089961761608719825744628906250
0.2803156152423728619815790352731710299849510192871093750
0.2510854718721316491958361893921392038464546203613281250
0.1131723718443408271960848310300207231193780899047851562
-0.4234764576513747047492586261796532198786735534667968750
0.3675599553196852720127196789690060541033744812011718750
-0.0266164365832280737367288026007372536696493625640869141
0.3602916546076982418078671344119356945157051086425781250
-0.2316086539668415211767893424621433950960636138916015625
-0.0284769858011319106083636398807357181794941425323486328
-0.1761243585544804701736865126804332248866558074951171875
-0.4383448550265203746967301867698552086949348449707031250
0.0478339833646501677577589362044818699359893798828125000
0.3433317516720207906999462466046679764986038208007812500
-0.0475823484295570392488272659647918771952390670776367188
0.0229633575624366634282402799271949334070086479187011719
0.4048527260641946456942719123617280274629592895507812500
0.0756965443760332507006083346823288593441247940063476562
0.0986634673842252535314045758241263683885335922241210938
0.0523114202891188304067604519786982564255595207214355469
0.2932482872252604177987223010859452188014984130859375000
0.3002843911998896442305806431249948218464851379394531250
0.2216263535700296882779980478517245501279830932617187500
-0.4567762992938977362200603238306939601898193359375000000
0.1098805842832397267061494972040236461907625198364257812
0.2167388604849717903544359387524309568107128143310546875
0.1828912595445999766941014286203426308929920196533203125
0.2191300731889401776086856443725991994142532348632812500
0.4307330104805675574652923387475311756134033203125000000
0.3845840134175153024465032558509847149252891540527343750
0.4996120768899329767087635900679742917418479919433593750
-0.4005859220491403416275488780229352414608001708984375000
-0.0437644962841737053538260227014689007773995399475097656
0.2530610125089662321151706692035077139735221862792968750
-0.1907605704522128131639391313001397065818309783935546875
0.4555692044815495833631757705006748437881469726562500000
-0.4195947333007579715946633314160862937569618225097656250
-0.4956972692242250788652313531201798468828201293945312500
0.1592982751365077387362134686554782092571258544921875000
0.4785480562810635052350960449984995648264884948730468750
0.0176930002846312529884986730621676542796194553375244141
-0.3003961034582196543141208167071454226970672607421875000
0.3185503499344700117923423476895550265908241271972656250
0.4899182744579497206238727358140749856829643249511718750
-0.0429582018024528902722103396172315115109086036682128906
0.2904175822985580190938037503656232729554176330566406250
-0.2095980388182612785819003420328954234719276428222656250
-0.4773089406901708797725802924105664715170860290527343750
0.0910073271735704208973416484695917461067438125610351562
-0.5131514934930271332191864530614111572504043579101562500
0.4088358137341892573068946603598305955529212951660156250
0.2158379640827442491612941921630408614873886108398437500
-0.2603211404684592222835703978489618748426437377929687500
0.3235157641267478179081251710158539935946464538574218750
-0.3977719312234691551033449741225922480225563049316406250
-0.1022676328390478700525179078795190434902906417846679688
0.0001235482311662924783789846427950465113099198788404465
0.4370879217523753745844317109003895893692970275878906250
0.3553498791120672239962630101217655465006828308105468750
-0.0595118420179794535562756152557994937524199485778808594
-0.2191353517614211543484969979544985108077526092529296875
0.4418404693238629499241199027892434969544410705566406250
-0.1069457961939214718505297696538036689162254333496093750
0.4313480230373235579932611472031567245721817016601562500
0.4834135282972122915623458538902923464775085449218750000
0.3833194824713352377720809727179585024714469909667968750
-0.2802900680808476652217109403864014893770217895507812500
0.0412590646104426042595214596531150164082646369934082031
0.3014985877701013561313914124184520915150642395019531250
0.4499173297363959211914163915935205295681953430175781250
-0.0130369761816049260089167560749956464860588312149047852
-0.2259577105634049398741325376249733380973339080810546875
0.1134000007702231221928812487931281793862581253051757812
-0.4558638696349959218423464335501194000244140625000000000
0.2574848219763194445697251921956194564700126647949218750
-0.3149770468186163241419706082524498924612998962402343750
-0.1459735599411966511240734689636155962944030761718750000
-0.3806853615233917742521896343532716855406761169433593750
-0.4846560750605256040479673629306489601731300354003906250
0.2720448393572046374977446703269379213452339172363281250
0.0577077856178006970422345034421596210449934005737304688
-0.4394858381348434317459350495482794940471649169921875000
0.4840612392596057023119726636650739237666130065917968750
0.4898657122127662022492700089060235768556594848632812500
0.2536589512761386333572488638310460373759269714355468750
0.3527019485805302778658187889959663152694702148437500000
0.3312902112458514514159446662233676761388778686523437500
-0.4144218336603084917868500269833020865917205810546875000
0.1328467604823299064165098570811096578836441040039062500
-0.2153550959854633461976192165820975787937641143798828125
0.4730165573892022301549786789109930396080017089843750000
0.0561687116675385067487979995348723605275154113769531250
-0.1529807170153427431369408395767095498740673065185546875
-0.1647951651350871016266097512925625778734683990478515625
-0.4668153623037810118212576071528019383549690246582031250
0.5172228102837903573885114383301697671413421630859375000
0.2304444339364139227033234647024073638021945953369140625
0.1986836446611647266635714004223700612783432006835937500
0.0470324809957487835476719340022100368514657020568847656
0.0962537202478083581125289924784738104790449142456054688
-0.2136460167285445244100827721922541968524456024169921875
-0.1063795421485365100267017623991705477237701416015625000
-0.3268046106454777777194919963221764191985130310058593750
0.2457861440126828944663373022194718942046165466308593750
0.0880800998785491728870766792169888503849506378173828125
0.0904188142321972476711522404002607800066471099853515625
-0.2494938771765566609683872911773505620658397674560546875
-0.0704992906986182249484684803064737934619188308715820312
0.0173754591179956195678979469221303588710725307464599609
0.4507951547792972690764656817918876186013221740722656250
0.3538747867348168707479771910584531724452972412109375000
-0.2184966884479783988393108984382706694304943084716796875
-0.5154100733618598439989000326022505760192871093750000000
0.1322140714165561947712745904937037266790866851806640625
0.0367769453574537524831455925777845550328493118286132812
-0.0124199587194418273328189172843849519267678260803222656
0.0809809293114228806453880338267481420189142227172851562
0.0198691066745123150194540784241326036863029003143310547
0.4125186810897170652800980406027520075440406799316406250
-0.0415650751937216428322230399317049887031316757202148438
0.0826055211053740301441195015286211855709552764892578125
0.4856677898614857880055240002548089250922203063964843750
0.2805094310340505714407299819868057966232299804687500000
0.1101825802552417882251845071550633292645215988159179688
0.1674509598913502816941445416887290775775909423828125000
-0.0805918714204965913605605010161525569856166839599609375
0.2879529881740746644069872672844212502241134643554687500
0.3731130434824486696854251022159587591886520385742187500
0.4675538921057412755644122626108583062887191772460937500
0.5103249499552110490796508202038239687681198120117187500
-0.3502147316077328653705080796498805284500122070312500000
0.0377221264329101815815370457585231633856892585754394531
0.2387818627553011108233249615295790135860443115234375000
0.2434101092615126027407512765421415679156780242919921875
-0.4934231919443543001868590636149747297167778015136718750
0.0594505966370901597906062363563250983133912086486816406
-0.2892250340761116089716153965127887204289436340332031250
0.1311662997521828299962720620897016488015651702880859375
-0.4060637308618739171883760263881413266062736511230468750
0.1280650540248048085967269571483484469354152679443359375
-0.1273420504188010338175729430076899006962776184082031250
0.1079084544103630499689572275201498996466398239135742188
-0.2647383235953196800593900661624502390623092651367187500
0.0829287885275969416376540266355732455849647521972656250
0.0448117449931970043830453676036995602771639823913574219
0.3516075581470821664886727830889867618680000305175781250
0.4246979712783799376651927559578325599431991577148437500
0.2226114996423392833335697105212602764368057250976562500
-0.0643448712249812954100391948486503679305315017700195312
0.3665431088365665446282548600720474496483802795410156250
0.1284690210556216349857550085289403796195983886718750000
-0.1503245657623252795609403165144613012671470642089843750
-0.4164342954444320010765068218461237847805023193359375000
-0.1040420791878703815624973572084854822605848312377929688
-0.2043319395719166153835288923801272176206111907958984375
0.1622924299837560091486210467337514273822307586669921875
-0.0063715516745055595163038653083731333026662468910217285
0.5002685714622709944876532972557470202445983886718750000
0.2591094461453611330625790287740528583526611328125000000
-0.1382176947692979607218433102389099076390266418457031250
-0.4686660770662262054386815179896075278520584106445312500
0.3945832862960261810947315552766667678952217102050781250
-0.2823100521464674828031604647549102082848548889160156250
-0.2337703998582892073176964231606689281761646270751953125
0.2929440886174091707161437625472899526357650756835937500
0.4176525077102174465792927549045998603105545043945312500
-0.3223896363209611259925679860316449776291847229003906250
-0.2537619214337516471147182528511621057987213134765625000
0.0758726850391240187354569002309290226548910140991210938
0.4756160542529033752323641692782985046505928039550781250
-0.0517380757766594950863847657274163793772459030151367188
0.2262836782191104123551639304423588328063488006591796875
0.1669020540769413640802554255060385912656784057617187500
-0.3811982044331861385622062243783148005604743957519531250
0.0558226601338433839338826203402277315035462379455566406
-0.4333736527063636878587260525819147005677223205566406250
0.1014750903071830190338431521013262681663036346435546875
0.0589698865500881755363771219435875536873936653137207031
-0.0724128934200072987836804827566083986312150955200195312
0.3096693049110325057782233670877758413553237915039062500
-0.0339751053046867673712583268752496223896741867065429688
-0.4803008278244459972050606211269041523337364196777343750
-0.3145431926476871531406231952132657170295715332031250000
0.0642672410038412078581160358226043172180652618408203125
0.4739244066504132990580444584338692948222160339355468750
-0.1493678155226457748838697625615168362855911254882812500
-0.3278017768801385067867215639125788584351539611816406250
0.1507376206428211462551303156942594796419143676757812500
0.1168259396812131589715733070988790132105350494384765625
-0.0530397421495672205526972220468451268970966339111328125
0.3915186109062333552621737453591777011752128601074218750
-0.4741518981059991699744671223015757277607917785644531250
-0.4143061704411389878366378525242907926440238952636718750
-0.2574765354473984024785693236481165513396263122558593750
0.4387425548789167240038011641445336863398551940917968750
-0.1932712126254700069072356427568593062460422515869140625
0.1374081310204272321495722053441568277776241302490234375
0.0122695438147758083963223540990838955622166395187377930
-0.2182814588573136205251756791767547838389873504638671875
0.1931372016613272513119170525897061452269554138183593750
0.3079604216889184620242758683161810040473937988281250000
-0.4467542479166694002756798909103963524103164672851562500
-0.2874042870032434970894996695278678089380264282226562500
-0.1925832494775893966032498383356141857802867889404296875
-0.4015164471300828319400011423567775636911392211914062500
0.4056936911196153405789743828790960833430290222167968750
-0.0668396206820713462137817373331927228718996047973632812
0.0365965152143834862585869416307104984298348426818847656
0.0435706152317032538445751299605035455897450447082519531
-0.0885826293462082386964695501774258445948362350463867188
0.0691132900516510106925238687836099416017532348632812500
0.3903305257467354905109857554634800180792808532714843750
-0.2800834555602437769827872671157820150256156921386718750
0.3910271297666238488055512334540253505110740661621093750
0.1901729683690175365384789074596483260393142700195312500
-0.4718190633389419685883581223606597632169723510742187500
0.4708363952219114523245480086188763380050659179687500000
-0.4009608853542653283952290621527936309576034545898437500
-0.3410284480035583043466829167300602421164512634277343750
0.1237577195304826738198045177341555245220661163330078125
0.2544589507976989239956822075328091159462928771972656250
0.0182936677606554236319436057556231389753520488739013672
0.2115528392223073594902160721176187507808208465576171875
0.4535403868815603978248418570728972554206848144531250000
0.0505567648820915219176619359586766222491860389709472656
-0.0262721490282187865317187203118010074831545352935791016
0.4360466684241205981287237136712064966559410095214843750
-0.3492493041279241539065480992576340213418006896972656250
0.4880911504709137815893882361706346273422241210937500000
0.4239629739160606369807737792143598198890686035156250000
-0.3588054997681927038577498478844063356518745422363281250
-0.0929092623791557131740503905348305124789476394653320312
-0.2236910133319364446524701861562789417803287506103515625
0.1854095938681869781827771248572389595210552215576171875
-0.2730739117565189055802932216465706005692481994628906250
-0.4035686541209639877081372105749323964118957519531250000
0.1171572473302231742753320986594189889729022979736328125
-0.3059900187827225837011724252079147845506668090820312500
0.0054500056993775844449423573223612038418650627136230469
0.3499380320895554286053652504051569849252700805664062500
0.0452677485333265322564599841825838666409254074096679688
-0.3241742568006134583846744590118760243058204650878906250
-0.0292864561384219707074194616325257811695337295532226562
-0.1361897279488197554098150021673063747584819793701171875
0.3742377619582727410474376483762171119451522827148437500
0.1396169971867852466207438055789680220186710357666015625
-0.1328894639003908584307112050737487152218818664550781250
-0.1374659272144992949726827191625488921999931335449218750
0.2107755533245256329699657271703472360968589782714843750
0.0911461809098306346976769987122679594904184341430664062
-0.1089184633575055738408110528325778432190418243408203125
0.4657670716348178419075054534914670512080192565917968750
-0.1377581312818031422651188222516793757677078247070312500
0.3973268480119830359242882877879310399293899536132812500
0.1318639837167651374105759032318019308149814605712890625
0.3469681471576342990381647268804954364895820617675781250
-0.1864575031193883014601908598706359043717384338378906250
0.5552480999377578108067154971649870276451110839843750000
0.4880879312314065909816918065189383924007415771484375000
-0.3251261890645876784233792022860143333673477172851562500
-0.2036824331665102183475113406529999338090419769287109375
0.2419114264241396805577011264176690019667148590087890625
0.4532317458952485611511917795724002644419670104980468750
-0.2543029591054382088088914315449073910713195800781250000
-0.2021426578075850022386816817743238061666488647460937500
-0.1214116489760928008223572760471142828464508056640625000
-0.3530428002711862300877498910267604514956474304199218750
0.2516426044282427665343959688470931723713874816894531250
-0.3852035475942542919192135286721168085932731628417968750
-0.3851111206229673178391692545119440183043479919433593750
-0.4380677897710711365952818141522584483027458190917968750
0.2310348333504368689705898987085674889385700225830078125
0.1716850737669327886525394433192559517920017242431640625
0.0168002238826890012979298205664235865697264671325683594
-0.4170004724934687767579077899426920339465141296386718750
-0.3932519317508236800229326490807579830288887023925781250
0.1161375041462808371806048057806037832051515579223632812
0.2805304326284172034000619078142335638403892517089843750
-0.4195897472403888328607024504890432581305503845214843750
-0.3468453302587454212257966901233885437250137329101562500
0.4809440490330834649945757064415374770760536193847656250
0.4010773662185951882186429884313838556408882141113281250
0.5214770223094468137858825684816110879182815551757812500
0.2561800695879618006145506114989984780550003051757812500
0.2589413598936513016823823818413075059652328491210937500
-0.2883974184050687172842231120739597827196121215820312500
0.0588848624409242307753409306769754039123654365539550781
0.4853430701773155941936011004145257174968719482421875000
0.3243313716344075059438978314574342221021652221679687500
0.0740764082357081576901691732928156852722167968750000000
-0.0857490870425458295844833855881006456911563873291015625
-0.1392752535419452541987084259744733572006225585937500000
-0.3868112330207639781853856675297720357775688171386718750
-0.4555197564448545399784507026197388768196105957031250000
-0.4274472091865316736303270772623363882303237915039062500
-0.0542008709328261131799031602440663846209645271301269531
0.3618200275513131503046793113753665238618850708007812500
-0.4020309968895418029077859500830527395009994506835937500
0.5282123700260158427610690523579251021146774291992187500
0.4492305317870837200189271243289113044738769531250000000
-0.5055272410877454936084518521965947002172470092773437500
0.1624499709298238836474581603397382423281669616699218750
0.0893632121111853500172728104189445730298757553100585938
-0.2089720515976618009368337425257777795195579528808593750
0.1076192477453350865301828775955073069781064987182617188
-0.5194929065645635946069091914978343993425369262695312500
-0.1177779364964642583313292334423749707639217376708984375
0.3979801488423889699319602186733391135931015014648437500
0.1655803551266313844436695035255979746580123901367187500
0.3702858607445372318700549385539488866925239562988281250
0.4611004464519412038292500710667809471487998962402343750
-0.4780046098676779542380188559036469087004661560058593750
0.2541790952056865449115719002293189987540245056152343750
0.3672191774150907472851201873709214851260185241699218750
-0.3977573018302929530598532892327057197690010070800781250
0.3037121935724519938837318022706313058733940124511718750
0.1411718879721690633743946818867698311805725097656250000
-0.3026790508210924213194914500490995123982429504394531250
0.3544606779967338083814354376954725012183189392089843750
-0.1951162288585968906939882572260103188455104827880859375
-0.1687389187621226582791678083594888448715209960937500000
-0.0332769003851723643716553624471998773515224456787109375
-0.2868761878589539127126784023857908323407173156738281250
-0.3696872412936093033053452927561011165380477905273437500
0.4474620245852470312719617595575982704758644104003906250
0.0801432061003154866396513966719794552773237228393554688
-0.2714245741327196426162515763280680403113365173339843750
0.3727131029461891453813393582095159217715263366699218750
0.0168746791170720951413830590581710566766560077667236328
-0.0068362912309899784291111757283943006768822669982910156
0.0624581669495682459403163022670923965051770210266113281
-0.1358737707352359880275116665870882570743560791015625000
0.0756071981565556022752971898626128677278757095336914062
-0.3954200397643322650864661227387841790914535522460937500
-0.2118281327306779648900203483208315446972846984863281250
0.1669793684713967163446568520157597959041595458984375000
-0.2001730393227496018759836715616984292864799499511718750
-0.3473854100756364471358494938613148406147956848144531250
0.1241491132773321626192597477711387909948825836181640625
-0.0767552997101952766412225059866614174097776412963867188
0.4623523044959804706444117528008064255118370056152343750
0.4638086101258932503199616803613025695085525512695312500
-0.3904078381870657032948201958788558840751647949218750000
-0.2040750479021623542408292451000306755304336547851562500
0.1069834700964127499611677762914041522890329360961914062
0.5019476655997173741852179773559328168630599975585937500
-0.3866020161546684930087280918087344616651535034179687500
0.1121774553253677836339718965064093936234712600708007812
0.3827467732089281926555202062445459887385368347167968750
-0.1116070858715734887001147512819443363696336746215820312
0.4026710443514333048753428556665312498807907104492187500
-0.4221842627881746690121644860482774674892425537109375000
-0.1610403945672249648168872226960957050323486328125000000
0.0637328963549292776269439286807028111070394515991210938
-0.1392682792057672036545312721500522457063198089599609375
-0.4565050112258756676020254872128134593367576599121093750
-0.2170360795645150941979295566852670162916183471679687500
0.2728763851386125649511882329534273594617843627929687500
-0.1376221289418943782845161649674992077052593231201171875
-0.0978316086229359394010884898307267576456069946289062500
-0.4645740571305325139483954899333184584975242614746093750
0.0298623070810579219203084733180730836465954780578613281
0.4618820788546907363247839839459629729390144348144531250
-0.2625431332328213018811879919667262583971023559570312500
0.3816261013354728115487546347139868885278701782226562500
0.2654291730886943478928685635764850303530693054199218750
-0.2319483237153565635679797196644358336925506591796875000
-0.3999710880705124593781363273592432960867881774902343750
0.5871116466327503946587285099667496979236602783203125000
-0.3619652146724397501209580241265939548611640930175781250
-0.1048007796006572428515468686782696750015020370483398438
0.3857247101849035075815663731191307306289672851562500000
-0.3868759990829117589861141368601238355040550231933593750
-0.1789184998932571435403815485187806189060211181640625000
0.3282203793236433964075615676847519353032112121582031250
-0.1992811809645317899786221005342667922377586364746093750
-0.2669867671465609992864642663334961980581283569335937500
0.1662592288033363785437757087493082508444786071777343750
0.2170837466400426241097676438585040159523487091064453125
-0.1185582893411961241669771993656468112021684646606445312
0.4257167099838035095871191515470854938030242919921875000
0.3463116411377468728538531195226823911070823669433593750
-0.1297595263253376873802125146539765410125255584716796875
0.1255972859514596917662743180699180811643600463867187500
-0.4587582031549025662897633992542978376150131225585937500
0.2436209341206667100543370452214730903506278991699218750
-0.0593701024868918680876817006719647906720638275146484375
0.3271801486017892890423297558299964293837547302246093750
0.1238197661150315376232811104273423552513122558593750000
0.4526445632575024080601622245012549683451652526855468750
0.1041343163629395995872783942104433663189411163330078125
0.1781957350623142033452239729740540497004985809326171875
-0.3816764977672575942513333302485989406704902648925781250
0.4065845129896733523011675970337819308042526245117187500
-0.1097018465233581263618134471471421420574188232421875000
-0.2876175919535318703523785188735928386449813842773437500
-0.3253513479887198411866222613753052428364753723144531250
0.2369769847547816832289413468970451503992080688476562500
0.3589405726321134304512838752998504787683486938476562500
0.4245237472429697067610732119646854698657989501953125000
-0.0087669080329397120615597671644536603707820177078247070
0.0555853488912154830581258124766463879495859146118164062
-0.0238441225590573305237462875538767548277974128723144531
0.3338002438296193696842806275526527315378189086914062500
-0.0921140275647123196733900840627029538154602050781250000
0.3871051472724691966398324893816607072949409484863281250
-0.4715314140235448703286635918630054220557212829589843750
0.4513729251210016890638598852092400193214416503906250000
-0.2142142274121605349801455986380460672080516815185546875
-0.3456822055305733276675539400457637384533882141113281250
-0.0692347789378280342731386554078198969364166259765625000
0.3861831900662798799928054904739838093519210815429687500
0.1076283428038716516450534754767431877553462982177734375
-0.1796985425084151877239690975329722277820110321044921875
-0.3554182212473948054842765031935414299368858337402343750
0.2016379844262576603863834634466911666095256805419921875
-0.3840378132318973403158679502666927874088287353515625000
0.0743779624983601922449949483961972873657941818237304688
0.4482138100602340857747662994370330125093460083007812500
0.4256948011137001164350124327029334381222724914550781250
0.0690676093758320897020297479684813879430294036865234375
0.4274268198493797465964405546401394531130790710449218750
0.4288934223187885197425828209816245362162590026855468750
0.4468906604249811009843540432484587654471397399902343750
-0.3767467569678862870929947348486166447401046752929687500
-0.2524885254467266193501018278766423463821411132812500000
-0.4461938267433606108980370663630310446023941040039062500
0.2090860036456055059961300912618753500282764434814453125
0.4533918296628378086232658006338169798254966735839843750
-0.0563106105203257864544319488686596741899847984313964844
0.1979691246691171746530102382166660390794277191162109375
-0.0381222945165975365955368658887891797348856925964355469
0.0129029914640948414894516815820679767057299613952636719
0.2990319727897690627038684851868310943245887756347656250
0.0096822471499372932124405366494102054275572299957275391
0.0931631114996982478970721786026842892169952392578125000
-0.0344168872326644711967524870033230399712920188903808594
0.5042434925397519807077628684055525809526443481445312500
0.1892613541661250786685144475995912216603755950927734375
-0.2355171613101331440365271419068449176847934722900390625
-0.4381578404961614658930102450540289282798767089843750000
0.1229457999635222981149595966599008534103631973266601562
0.1925728035850526875805144300102256238460540771484375000
0.0641398125837185084652247724079643376171588897705078125
0.0409813929038965810147665536078420700505375862121582031
-0.0507469426019206068523281771831534570083022117614746094
0.2353419392346241256763761384718236513435840606689453125
-0.0511684597574388125296174223421985516324639320373535156
0.3565252595799570656254218192771077156066894531250000000
0.4256791051865674857523913487966638058423995971679687500
0.0621038299299988827417706716005341149866580963134765625
-0.4476697231081208094849444023566320538520812988281250000
0.4056064532081680162889369967160746455192565917968750000
-0.4585746590083205065369043040846008807420730590820312500
0.4328231601250505655720246522832894697785377502441406250
-0.3199162600989347016167130277608521282672882080078125000
0.1486984242813315926223793894678237847983837127685546875
-0.0906616189606441191806140977860195562243461608886718750
-0.0943887617492614877656720295817649457603693008422851562
-0.1879563247468652165128588649167795665562152862548828125
0.4883426554978672062823363830830203369259834289550781250
0.1336770184716533638180635534808970987796783447265625000
-0.2641180046471735543001102541893487796187400817871093750
-0.1428314505906102538368429577531060203909873962402343750
0.0712010497049719720541460787899268325418233871459960938
0.3924903751586209521562409463513176888227462768554687500
-0.2495983926768706451237989085711888037621974945068359375
-0.1285982689155359126598199281943379901349544525146484375
-0.0105107211101560828192535979042077087797224521636962891
-0.3224765752622116288250708748819306492805480957031250000
0.4030898482377193170478335559892002493143081665039062500
0.1502630162891289977711295478002284653484821319580078125
0.0861161091246047394331952773427474312484264373779296875
-0.1243493130044438649273175201415142510086297988891601562
0.3251153705595793419469430318713421002030372619628906250
-0.2894146636004663042385232074593659490346908569335937500
0.4601680115523090752738255559961544349789619445800781250
0.0671956478118024419510234679364657495170831680297851562
0.3584003145700214720825726999464677646756172180175781250
0.1382810484466024392169458678836235776543617248535156250
-0.1916709222355801878201475574314827099442481994628906250
-0.4687530562847724846520236496871802955865859985351562500
0.1988055807139592068288891368865733966231346130371093750
0.0096235817199993092807552841350116068497300148010253906
-0.4429438710274636314956353544403100386261940002441406250
-0.4353466728019834697249734745128080248832702636718750000
-0.1771287772345999378398317958271945826709270477294921875
-0.3027298886212024253694607978104613721370697021484375000
0.2224626232860304198002410203116596676409244537353515625
-0.2974094498703360733848910513188457116484642028808593750
-0.2908345644302381405310597983771003782749176025390625000
-0.3637455138237871143935819873149739578366279602050781250
0.3958224342504244597229501323454314842820167541503906250
0.3682219786244958492638090774562442675232887268066406250
-0.3140106534418098949146269660559482872486114501953125000
-0.0868307879180170716360009919299045577645301818847656250
0.5466657724995177547455682542931754142045974731445312500
-0.2343532821781935948646236056447378359735012054443359375
0.0433881773248013108412735050478659104555845260620117188
0.4582630500270970519416380284383194521069526672363281250
0.1798101176618530361306369513840763829648494720458984375
-0.4836214319375388148714023373031523078680038452148437500
-0.4387695687397017985098557346645975485444068908691406250
0.1594145174842264423009652318796725012362003326416015625
0.1308448890576050793743689837356214411556720733642578125
-0.3731553547202947629379821137263206765055656433105468750
0.3837964590638065498495734573225490748882293701171875000
-0.1722376789380987149868929009244311600923538208007812500
0.1176696185941673439279142598934413399547338485717773438
-0.2444661186671288066740714839397696778178215026855468750
-0.2373890722648196449640067839936818927526473999023437500
-0.2375719792352845582961151649215025827288627624511718750
-0.4193594822789442622124056470056530088186264038085937500
-0.4656191264707644772435912727814866229891777038574218750
0.1375315480234861609254437553317984566092491149902343750
0.3999499591446948332240651780011830851435661315917968750
-0.3138585144619182587533146033820230513811111450195312500
-0.3788341196664337107158360140601871535181999206542968750
-0.2981275182555347402768575193476863205432891845703125000
0.4367966069257432915051708732789847999811172485351562500
0.0404725293260246102300392578854371095076203346252441406
-0.3082036350990652318060369907470885664224624633789062500
-0.3969302714092895478792399899248266592621803283691406250
-0.0146156061502595337187049295835095108486711978912353516
0.1458312846123004935527944780915277078747749328613281250
0.3169735708282716557526725864590844139456748962402343750
0.4750368265908299636457456927018938586115837097167968750
0.4023236402655931409633183193363947793841361999511718750
0.1527205891541435489600075925409328192472457885742187500
0.2414400453275460656232809242283110506832599639892578125
-0.3205461448014451097954236047371523454785346984863281250
-0.1658683324396394709321356231157551519572734832763671875
-0.0862652497243242832869469793877215124666690826416015625
-0.1460518550617438404692904896364780142903327941894531250
-0.1042294968916099018318988100872957147657871246337890625
0.1882573457880727108015861404055613093078136444091796875
-0.1013353775179643423420827730296878144145011901855468750
-0.3021213071936907912373726503574289381504058837890625000
-0.2078620181635921770890718107693828642368316650390625000
0.1827216040236910310490259234939003363251686096191406250
-0.4225187361018735709983218384877545759081840515136718750
-0.3942287756147473398726788218482397496700286865234375000
-0.4492699397498279290097400462400401011109352111816406250
-0.3233369846054053864392585637688171118497848510742187500
0.3531189461938425977471922578843077644705772399902343750
-0.3967134810201346506453035090089542791247367858886718750
-0.3606856861077077924804257236246485263109207153320312500
-0.2408264831789931337269194955297280102968215942382812500
-0.0394779785778560654563307252828963100910186767578125000
-0.2329175644552983759361097781948046758770942687988281250
-0.2987916872913835009129002173722255975008010864257812500
-0.4493366476870395143095038292813114821910858154296875000
0.4933945941033663351582561062969034537672996520996093750
-0.0116689311080386565883104665886094153393059968948364258
0.0720096739885290326732558696676278486847877502441406250
0.0275361279378703444065124017470225226134061813354492188
0.3952059902652736433914526514854514971375465393066406250
-0.1876824396834579078419125153232016600668430328369140625
0.2021884405329627265590630713631981052458286285400390625
0.0708132293637791787599411463816068135201930999755859375
0.2185953603884232543386190172896021977066993713378906250
-0.2652801243457240665257756973005598410964012145996093750
0.4220683459171075124771732589579187333583831787109375000
-0.2958507591745335174593378724239300936460494995117187500
0.1940867052491693778293324612604919821023941040039062500
-0.3893527985199891072731759322778088971972465515136718750
-0.1613677165699370918972022082016337662935256958007812500
0.3499975758449110907477574983204249292612075805664062500
0.2493509939820448273462005772671545855700969696044921875
-0.4010606731328404395142683824815321713685989379882812500
-0.2815743268551140210398386898305034264922142028808593750
0.3817258904072600711465668155142338946461677551269531250
-0.3911627026168089105162550822569755837321281433105468750
0.3248339133555658286844902704615378752350807189941406250
-0.1872230913770376037330578355977195315062999725341796875
-0.4245829380041599154793630077620036900043487548828125000
0.2906621164443656257780901341902790591120719909667968750
0.3792365698695582820754168551502516493201255798339843750
0.1846306070694073986349081906155333854258060455322265625
0.3673843491784811177147673788567772135138511657714843750
-0.2737906879259809356241817113186698406934738159179687500
0.2924595143494011506568597269506426528096199035644531250
0.0327598475956095216976571293798770057037472724914550781
-0.3812756203823452483270273205562261864542961120605468750
0.0745165237931803697835064781429537106305360794067382812
0.5567892761025345915726347811869345605373382568359375000
-0.2818670555607214467386256728786975145339965820312500000
-0.7101110379069685007991097336343955248594284057617187500
0.1318796657357699519952376476794597692787647247314453125
0.0133767422438701190368082194481758051551878452301025391
0.0440223750427775895044391063493094407021999359130859375
0.0240709110268737917770476286705161328427493572235107422
0.5539404737767926745206636951479595154523849487304687500
-0.6370904051746577589909747985075227916240692138671875000
0.0838074534958613420743134270196605939418077468872070312
-0.1446122576360438782838713223100057803094387054443359375
0.2742878350009627097527697969781002029776573181152343750
-0.2751660634417211204194586571247782558202743530273437500
